date,open,high,low,close,volume
2021-03-05,1379.0,1379.0,1360.0,1370.0,12300
2021-03-08,1367.0,1374.0,1361.0,1374.0,11700
2021-03-09,1377.0,1397.0,1377.0,1397.0,6300
2021-03-10,1397.0,1431.0,1397.0,1431.0,4900
2021-03-11,1433.0,1435.0,1390.0,1421.0,10200
2021-03-12,1415.0,1430.0,1412.0,1422.0,16900
2021-03-15,1403.0,1413.0,1403.0,1413.0,9500
2021-03-16,1416.0,1427.0,1416.0,1427.0,3700
2021-03-17,1427.0,1430.0,1423.0,1427.0,3000
2021-03-18,1405.0,1418.0,1405.0,1415.0,9600
2021-03-19,1405.0,1430.0,1405.0,1430.0,15000
2021-03-22,1422.0,1465.0,1422.0,1457.0,12900
2021-03-23,1450.0,1450.0,1429.0,1429.0,7600
2021-03-24,1423.0,1435.0,1423.0,1425.0,5000
2021-03-25,1450.0,1450.0,1424.0,1435.0,8200
2021-03-26,1424.0,1429.0,1408.0,1429.0,18400
2021-03-29,1437.0,1458.0,1428.0,1450.0,32100
2021-03-30,1438.0,1450.0,1436.0,1440.0,10000
2021-03-31,1421.0,1449.0,1408.0,1408.0,4700
2021-04-01,1400.0,1400.0,1369.0,1376.0,4200
2021-04-02,1393.0,1393.0,1358.0,1377.0,3400
2021-04-05,1311.0,1350.0,1310.0,1333.0,16400
2021-04-06,1347.0,1347.0,1282.0,1282.0,17100
2021-04-07,1282.0,1295.0,1282.0,1294.0,3400
2021-04-08,1288.0,1290.0,1216.0,1216.0,9500
2021-04-09,1263.0,1280.0,1249.0,1280.0,8000
2021-04-12,1292.0,1296.0,1281.0,1288.0,2800
2021-04-13,1291.0,1299.0,1289.0,1298.0,2600
2021-04-14,1300.0,1317.0,1295.0,1317.0,3500
2021-04-15,1317.0,1321.0,1308.0,1321.0,4300
2021-04-16,1315.0,1315.0,1308.0,1308.0,400
2021-04-19,1308.0,1317.0,1303.0,1317.0,1100
2021-04-20,1309.0,1314.0,1285.0,1285.0,4200
2021-04-21,1274.0,1284.0,1235.0,1235.0,3100
2021-04-22,1254.0,1263.0,1216.0,1244.0,4400
2021-04-23,1277.0,1278.0,1247.0,1248.0,4500
2021-04-26,1269.0,1269.0,1207.0,1207.0,4000
2021-04-27,1211.0,1234.0,1201.0,1201.0,5400
2021-04-28,1201.0,1221.0,1201.0,1201.0,3400
2021-04-30,1250.0,1250.0,1200.0,1200.0,5600
2021-05-06,1208.0,1215.0,1194.0,1194.0,6000
2021-05-07,1211.0,1223.0,1208.0,1223.0,5800
2021-05-10,1218.0,1231.0,1218.0,1227.0,2300
2021-05-11,1219.0,1230.0,1191.0,1191.0,4400
2021-05-12,1208.0,1224.0,1192.0,1192.0,2000
2021-05-13,1182.0,1193.0,1182.0,1186.0,2500
2021-05-14,1204.0,1205.0,1198.0,1201.0,2800
2021-05-17,1201.0,1204.0,1193.0,1198.0,4800
2021-05-18,1205.0,1226.0,1205.0,1226.0,2100
2021-05-19,1208.0,1234.0,1208.0,1208.0,3600
2021-05-20,1220.0,1250.0,1220.0,1220.0,1900
2021-05-21,1220.0,1234.0,1220.0,1223.0,2000
2021-05-24,1283.0,1283.0,1246.0,1266.0,3200
2021-05-25,1295.0,1295.0,1277.0,1280.0,4300
2021-05-26,1266.0,1269.0,1265.0,1269.0,1600
2021-05-27,1267.0,1267.0,1210.0,1210.0,2800
2021-05-28,1214.0,1232.0,1208.0,1227.0,3900
2021-05-31,1232.0,1232.0,1198.0,1198.0,2200
2021-06-01,1228.0,1228.0,1215.0,1215.0,2500
2021-06-02,1212.0,1221.0,1210.0,1221.0,1500
2021-06-03,1216.0,1220.0,1216.0,1220.0,1900
2021-06-04,1225.0,1235.0,1225.0,1234.0,1900
2021-06-07,1235.0,1250.0,1235.0,1245.0,3000
2021-06-08,1245.0,1249.0,1236.0,1241.0,800
2021-06-09,1245.0,1250.0,1244.0,1250.0,1200
2021-06-10,1248.0,1252.0,1248.0,1252.0,1000
2021-06-11,1259.0,1260.0,1256.0,1256.0,5200
2021-06-14,1260.0,1296.0,1260.0,1288.0,4700
2021-06-15,1296.0,1296.0,1258.0,1260.0,5400
2021-06-16,1280.0,1280.0,1259.0,1259.0,1800
2021-06-17,1260.0,1263.0,1260.0,1260.0,1200
2021-06-18,1266.0,1266.0,1257.0,1257.0,2200
2021-06-21,1278.0,1278.0,1213.0,1213.0,6300
2021-06-22,1273.0,1273.0,1236.0,1257.0,3200
2021-06-23,1258.0,1284.0,1258.0,1284.0,1600
2021-06-24,1284.0,1284.0,1272.0,1284.0,1500
2021-06-25,1284.0,1284.0,1276.0,1284.0,4400
2021-06-28,1272.0,1275.0,1258.0,1270.0,3000
2021-06-29,1270.0,1270.0,1233.0,1233.0,3200
2021-06-30,1227.0,1256.0,1227.0,1232.0,2500
2021-07-01,1232.0,1263.0,1231.0,1243.0,1900
2021-07-02,1243.0,1262.0,1243.0,1244.0,1300
2021-07-05,1244.0,1261.0,1244.0,1245.0,1100
2021-07-06,1266.0,1266.0,1239.0,1239.0,1700
2021-07-07,1250.0,1250.0,1220.0,1220.0,4000
2021-07-08,1221.0,1235.0,1208.0,1208.0,4300
2021-07-09,1207.0,1226.0,1200.0,1208.0,6600
2021-07-12,1211.0,1235.0,1211.0,1235.0,4000
2021-07-13,1237.0,1266.0,1237.0,1245.0,3600
2021-07-14,1247.0,1268.0,1247.0,1259.0,3300
2021-07-15,1201.0,1225.0,1201.0,1204.0,10700
2021-07-16,1206.0,1220.0,1206.0,1214.0,1500
2021-07-19,1220.0,1220.0,1204.0,1204.0,2900
2021-07-20,1210.0,1221.0,1208.0,1208.0,3100
2021-07-21,1208.0,1224.0,1208.0,1208.0,6100
2021-07-26,1208.0,1211.0,1201.0,1201.0,2000
2021-07-27,1201.0,1218.0,1201.0,1218.0,1400
2021-07-28,1211.0,1211.0,1201.0,1201.0,1200
2021-07-29,1203.0,1217.0,1203.0,1217.0,1300
2021-07-30,1213.0,1217.0,1200.0,1200.0,3000
2021-08-02,1200.0,1219.0,1195.0,1211.0,3700
2021-08-03,1204.0,1210.0,1186.0,1186.0,3600
2021-08-04,1186.0,1186.0,1171.0,1171.0,2700
2021-08-05,1172.0,1176.0,1160.0,1160.0,2300
2021-08-06,1150.0,1150.0,1125.0,1133.0,5500
2021-08-10,1163.0,1163.0,1141.0,1141.0,2300
2021-08-11,1147.0,1162.0,1130.0,1162.0,2400
2021-08-12,1177.0,1177.0,1158.0,1169.0,800
2021-08-13,1171.0,1172.0,1167.0,1171.0,2300
2021-08-16,1141.0,1150.0,1139.0,1139.0,6500
2021-08-17,1139.0,1139.0,1112.0,1112.0,5600
2021-08-18,1111.0,1126.0,1111.0,1117.0,1100
2021-08-19,1120.0,1131.0,1118.0,1118.0,2400
2021-08-20,1120.0,1136.0,1113.0,1113.0,2600
2021-08-23,1113.0,1130.0,1113.0,1127.0,2800
2021-08-24,1132.0,1141.0,1129.0,1141.0,2500
2021-08-25,1131.0,1131.0,1110.0,1127.0,6600
2021-08-26,1127.0,1129.0,1116.0,1116.0,4100
2021-08-27,1111.0,1113.0,1102.0,1104.0,4500
2021-08-30,1115.0,1115.0,1108.0,1110.0,2400
2021-08-31,1109.0,1129.0,1105.0,1121.0,2100
2021-09-01,1127.0,1129.0,1127.0,1128.0,1400
2021-09-02,1128.0,1134.0,1117.0,1117.0,1900
2021-09-03,1117.0,1130.0,1117.0,1128.0,4400
2021-09-06,1130.0,1134.0,1129.0,1134.0,3400
2021-09-07,1134.0,1134.0,1103.0,1133.0,16800
2021-09-08,1125.0,1125.0,1110.0,1121.0,10500
2021-09-09,1120.0,1120.0,1112.0,1117.0,5700
2021-09-10,1117.0,1127.0,1114.0,1127.0,9300
2021-09-13,1127.0,1127.0,1119.0,1126.0,6400
2021-09-14,1128.0,1151.0,1127.0,1151.0,5900
2021-09-15,1132.0,1144.0,1125.0,1144.0,6500
2021-09-16,1133.0,1148.0,1133.0,1148.0,4400
2021-09-17,1148.0,1164.0,1140.0,1164.0,9000
2021-09-21,1137.0,1151.0,1137.0,1151.0,5100
2021-09-22,1147.0,1152.0,1146.0,1150.0,2500
2021-09-24,1146.0,1165.0,1146.0,1165.0,10400
2021-09-27,1165.0,1207.0,1163.0,1199.0,8200
2021-09-28,1183.0,1194.0,1158.0,1194.0,7700
2021-09-29,1194.0,1225.0,1170.0,1172.0,8100
2021-09-30,1168.0,1169.0,1156.0,1156.0,3500
2021-10-01,1156.0,1156.0,1130.0,1130.0,6200
2021-10-04,1144.0,1150.0,1131.0,1131.0,2700
2021-10-05,1126.0,1129.0,1086.0,1086.0,13300
2021-10-06,1099.0,1119.0,1097.0,1097.0,3400
2021-10-07,1100.0,1108.0,1100.0,1106.0,2300
2021-10-08,1106.0,1108.0,1096.0,1096.0,7100
2021-10-11,1097.0,1115.0,1097.0,1097.0,3800
2021-10-12,1097.0,1102.0,1097.0,1100.0,3400
2021-10-13,1100.0,1104.0,1090.0,1099.0,5300
2021-10-14,1102.0,1102.0,1092.0,1097.0,2600
2021-10-15,1092.0,1100.0,1087.0,1096.0,5200
2021-10-18,1093.0,1093.0,1088.0,1088.0,3200
2021-10-19,1082.0,1085.0,1073.0,1084.0,4700
2021-10-20,1081.0,1105.0,1081.0,1099.0,4100
2021-10-21,1092.0,1099.0,1085.0,1085.0,2500
2021-10-22,1085.0,1094.0,1083.0,1094.0,4300
2021-10-25,1102.0,1116.0,1102.0,1107.0,5600
2021-10-26,1119.0,1130.0,1119.0,1129.0,5000
2021-10-27,1129.0,1129.0,1109.0,1114.0,5300
2021-10-28,1114.0,1121.0,1046.0,1060.0,54000
2021-10-29,1062.0,1072.0,1060.0,1071.0,5800
2021-11-01,1071.0,1081.0,1059.0,1077.0,3400
2021-11-02,1093.0,1093.0,1078.0,1078.0,1600
2021-11-04,1078.0,1078.0,1071.0,1072.0,2300
2021-11-05,1070.0,1070.0,1060.0,1060.0,2400
2021-11-08,1060.0,1089.0,1060.0,1078.0,2600
2021-11-09,1061.0,1062.0,1050.0,1050.0,5500
2021-11-10,1050.0,1058.0,1050.0,1052.0,1300
2021-11-11,1059.0,1060.0,1052.0,1052.0,1100
2021-11-12,1058.0,1069.0,1054.0,1069.0,3700
2021-11-15,1099.0,1099.0,1063.0,1064.0,8800
2021-11-16,1057.0,1073.0,1057.0,1062.0,1200
2021-11-17,1062.0,1076.0,1062.0,1076.0,1400
2021-11-18,1076.0,1076.0,1063.0,1068.0,1000
2021-11-19,1068.0,1070.0,1065.0,1065.0,800
2021-11-22,1070.0,1082.0,1070.0,1082.0,1000
2021-11-24,1082.0,1082.0,1068.0,1070.0,1600
2021-11-25,1070.0,1071.0,1064.0,1064.0,4300
2021-11-26,1069.0,1069.0,1064.0,1064.0,2200
2021-11-29,1061.0,1067.0,1051.0,1051.0,6400
2021-11-30,1060.0,1062.0,1046.0,1046.0,3700
2021-12-01,1050.0,1066.0,1037.0,1046.0,3000
2021-12-02,1046.0,1059.0,1042.0,1052.0,3200
2021-12-03,1047.0,1052.0,1047.0,1048.0,3500
2021-12-06,1048.0,1051.0,1044.0,1044.0,3000
2021-12-07,1046.0,1056.0,1045.0,1056.0,3400
2021-12-08,1055.0,1067.0,1055.0,1067.0,2700
2021-12-09,1067.0,1067.0,1064.0,1065.0,1000
2021-12-10,1063.0,1070.0,1061.0,1062.0,5400
2021-12-13,1059.0,1059.0,1051.0,1056.0,2300
2021-12-14,1060.0,1068.0,1058.0,1063.0,3200
2021-12-15,1049.0,1049.0,1049.0,1049.0,4100
2021-12-16,1048.0,1048.0,1041.0,1046.0,2600
2021-12-17,1048.0,1051.0,1041.0,1041.0,2400
2021-12-20,1041.0,1041.0,1017.0,1017.0,1600
2021-12-21,1022.0,1030.0,1015.0,1025.0,6400
2021-12-22,1023.0,1024.0,1018.0,1018.0,2600
2021-12-23,1020.0,1020.0,1000.0,1006.0,5300
2021-12-24,1013.0,1013.0,996.0,999.0,5800
2021-12-27,995.0,995.0,983.0,991.0,9700
2021-12-28,985.0,989.0,983.0,989.0,3700
2021-12-29,1000.0,1000.0,984.0,989.0,4400
2021-12-30,1004.0,1004.0,994.0,995.0,1500
2022-01-04,996.0,1011.0,991.0,997.0,3300
2022-01-05,998.0,999.0,991.0,992.0,3400
2022-01-06,985.0,990.0,984.0,984.0,4000
2022-01-07,984.0,985.0,975.0,975.0,4900
2022-01-11,977.0,977.0,963.0,966.0,4900
2022-01-12,968.0,972.0,966.0,971.0,5200
2022-01-13,970.0,1023.0,970.0,1014.0,5500
2022-01-14,1014.0,1024.0,994.0,1006.0,4600
2022-01-17,993.0,1000.0,992.0,994.0,5100
2022-01-18,1007.0,1007.0,994.0,999.0,1700
2022-01-19,993.0,997.0,985.0,985.0,2000
2022-01-20,986.0,1005.0,986.0,995.0,2000
2022-01-21,994.0,1001.0,992.0,996.0,2100
2022-01-24,1011.0,1012.0,999.0,1009.0,1300
2022-01-25,1007.0,1007.0,993.0,996.0,4800
2022-01-26,981.0,990.0,981.0,987.0,1600
2022-01-27,997.0,997.0,965.0,965.0,3000
2022-01-28,972.0,979.0,972.0,976.0,2200
2022-01-31,981.0,985.0,981.0,984.0,1100
2022-02-01,984.0,984.0,972.0,972.0,2200
2022-02-02,987.0,996.0,984.0,994.0,3400
2022-02-03,984.0,991.0,984.0,985.0,1500
2022-02-04,995.0,995.0,986.0,990.0,2700
2022-02-07,996.0,996.0,983.0,995.0,3700
2022-02-08,995.0,995.0,986.0,990.0,1200
2022-02-09,991.0,999.0,991.0,999.0,1700
2022-02-10,999.0,1014.0,998.0,1013.0,5400
2022-02-14,1006.0,1015.0,1004.0,1015.0,2300
2022-02-15,1045.0,1049.0,1000.0,1001.0,6800
2022-02-16,1005.0,1013.0,1002.0,1008.0,1600
2022-02-17,1009.0,1011.0,1005.0,1007.0,3200
2022-02-18,1002.0,1017.0,1002.0,1011.0,4400
2022-02-21,1041.0,1057.0,1018.0,1021.0,3600
2022-02-22,1040.0,1040.0,993.0,1000.0,6500
2022-02-24,1000.0,1000.0,991.0,997.0,4100
2022-02-25,999.0,999.0,986.0,988.0,15600
2022-02-28,990.0,1000.0,985.0,986.0,10200
2022-03-01,996.0,999.0,976.0,976.0,8100
2022-03-02,983.0,983.0,976.0,977.0,6100
2022-03-03,1007.0,1007.0,990.0,990.0,6600
2022-03-04,988.0,998.0,982.0,982.0,38200
2022-03-07,997.0,997.0,972.0,972.0,10700
2022-03-08,972.0,980.0,967.0,970.0,6900
2022-03-09,977.0,978.0,953.0,953.0,7500
2022-03-10,963.0,983.0,963.0,980.0,7800
2022-03-11,971.0,990.0,964.0,964.0,39000
2022-03-14,972.0,978.0,971.0,977.0,6500
2022-03-15,992.0,992.0,982.0,988.0,6100
2022-03-16,988.0,995.0,982.0,995.0,3600
2022-03-17,1000.0,1014.0,995.0,1014.0,6500
2022-03-18,1003.0,1020.0,1003.0,1020.0,22500
2022-03-22,1024.0,1025.0,1010.0,1015.0,10800
2022-03-23,1021.0,1030.0,1018.0,1025.0,5000
2022-03-24,1020.0,1030.0,1015.0,1030.0,3500
2022-03-25,1000.0,1023.0,1000.0,1018.0,22200
2022-03-28,1018.0,1018.0,1003.0,1010.0,7500
2022-03-29,1002.0,1019.0,1001.0,1019.0,7600
2022-03-30,1017.0,1017.0,952.0,979.0,16400
2022-03-31,979.0,979.0,969.0,969.0,5500
2022-04-01,969.0,969.0,950.0,952.0,4000
2022-04-04,952.0,973.0,952.0,960.0,5800
2022-04-05,956.0,960.0,953.0,960.0,3900
2022-04-06,956.0,956.0,945.0,945.0,5200
2022-04-07,942.0,943.0,930.0,935.0,5500
2022-04-08,940.0,950.0,935.0,945.0,6400
2022-04-11,934.0,946.0,934.0,939.0,5300
2022-04-12,935.0,937.0,924.0,924.0,3700
2022-04-13,919.0,933.0,919.0,931.0,5000
2022-04-14,931.0,948.0,927.0,948.0,4400
2022-04-15,950.0,961.0,949.0,957.0,5600
2022-04-18,957.0,957.0,942.0,952.0,1500
2022-04-19,964.0,964.0,948.0,955.0,1700
2022-04-20,963.0,963.0,955.0,962.0,2900
2022-04-21,962.0,969.0,959.0,967.0,4900
2022-04-22,965.0,978.0,965.0,978.0,3600
2022-04-25,954.0,954.0,931.0,936.0,7700
2022-04-26,940.0,943.0,935.0,943.0,1900
2022-04-27,928.0,937.0,883.0,904.0,11900
2022-04-28,919.0,927.0,911.0,912.0,6600
2022-05-02,910.0,918.0,909.0,909.0,3900
2022-05-06,920.0,920.0,910.0,910.0,3400
2022-05-09,940.0,940.0,892.0,892.0,6800
2022-05-10,895.0,897.0,889.0,889.0,4000
2022-05-11,893.0,917.0,888.0,888.0,3000
2022-05-12,888.0,919.0,888.0,891.0,4400
2022-05-13,900.0,919.0,895.0,914.0,5200
2022-05-16,923.0,923.0,889.0,904.0,6400
2022-05-17,906.0,906.0,888.0,888.0,2200
2022-05-18,890.0,908.0,890.0,903.0,2600
2022-05-19,897.0,906.0,888.0,890.0,2400
2022-05-20,896.0,906.0,896.0,906.0,1500
2022-05-23,921.0,926.0,910.0,916.0,3300
2022-05-24,903.0,910.0,903.0,910.0,2400
2022-05-25,930.0,930.0,905.0,911.0,5200
2022-05-26,911.0,911.0,891.0,891.0,4100
2022-05-27,894.0,897.0,893.0,897.0,1600
2022-05-30,897.0,915.0,889.0,889.0,14300
2022-05-31,895.0,904.0,882.0,885.0,5300
2022-06-01,890.0,894.0,887.0,887.0,2700
2022-06-02,900.0,900.0,890.0,890.0,2700
2022-06-03,916.0,916.0,892.0,897.0,3200
2022-06-06,885.0,909.0,885.0,895.0,7800
2022-06-07,891.0,897.0,888.0,888.0,3400
2022-06-08,897.0,897.0,885.0,885.0,4700
2022-06-09,885.0,885.0,882.0,883.0,4100
2022-06-10,885.0,885.0,876.0,876.0,7000
2022-06-13,873.0,874.0,867.0,868.0,5500
2022-06-14,870.0,870.0,857.0,857.0,7700
2022-06-15,882.0,882.0,857.0,857.0,12900
2022-06-16,858.0,867.0,850.0,850.0,8200
2022-06-17,842.0,850.0,840.0,840.0,8500
2022-06-20,856.0,856.0,831.0,831.0,6800
2022-06-21,840.0,846.0,840.0,843.0,3700
2022-06-22,850.0,850.0,831.0,831.0,4900
2022-06-23,832.0,841.0,830.0,830.0,3600
2022-06-24,845.0,869.0,835.0,841.0,8400
2022-06-27,842.0,853.0,842.0,847.0,3000
2022-06-28,847.0,854.0,846.0,850.0,2500
2022-06-29,847.0,852.0,833.0,833.0,10400
2022-06-30,857.0,857.0,835.0,836.0,11300
2022-07-01,840.0,843.0,835.0,835.0,3300
2022-07-04,837.0,841.0,836.0,836.0,2500
2022-07-05,839.0,843.0,839.0,840.0,2800
2022-07-06,839.0,843.0,836.0,836.0,3700
2022-07-07,835.0,838.0,833.0,833.0,3900
2022-07-08,839.0,839.0,833.0,833.0,4600
2022-07-11,834.0,839.0,831.0,834.0,7600
2022-07-12,831.0,834.0,822.0,822.0,14100
2022-07-13,823.0,832.0,823.0,825.0,2300
2022-07-14,826.0,829.0,815.0,824.0,7200
2022-07-15,821.0,828.0,818.0,818.0,8600
2022-07-19,819.0,820.0,816.0,816.0,6700
2022-07-20,823.0,828.0,820.0,821.0,5900
2022-07-21,822.0,827.0,820.0,823.0,3600
2022-07-22,822.0,827.0,821.0,821.0,6500
2022-07-25,823.0,823.0,818.0,820.0,7900
2022-07-26,818.0,821.0,818.0,821.0,3000
2022-07-27,823.0,825.0,818.0,819.0,4200
2022-07-28,823.0,823.0,815.0,815.0,8800
2022-07-29,815.0,819.0,812.0,816.0,6700
2022-08-01,820.0,822.0,816.0,817.0,2800
2022-08-02,817.0,817.0,811.0,811.0,6500
2022-08-03,815.0,816.0,811.0,812.0,9000
2022-08-04,812.0,816.0,811.0,813.0,5100
2022-08-05,811.0,815.0,811.0,813.0,3900
2022-08-08,815.0,826.0,813.0,825.0,8100
2022-08-09,883.0,955.0,879.0,915.0,107600
2022-08-10,905.0,905.0,865.0,877.0,21500
2022-08-12,880.0,897.0,876.0,897.0,14200
2022-08-15,898.0,900.0,883.0,890.0,12800
2022-08-16,884.0,909.0,884.0,906.0,5900
2022-08-17,892.0,906.0,890.0,900.0,5100
2022-08-18,886.0,902.0,886.0,902.0,4400
2022-08-19,902.0,902.0,896.0,901.0,4700
2022-08-22,894.0,894.0,885.0,887.0,6600
2022-08-23,887.0,888.0,870.0,873.0,8800
2022-08-24,866.0,872.0,865.0,872.0,8100
2022-08-25,872.0,876.0,869.0,873.0,5800
2022-08-26,871.0,884.0,871.0,884.0,3500
2022-08-29,869.0,882.0,869.0,875.0,5800
2022-08-30,871.0,875.0,868.0,875.0,1900
2022-08-31,865.0,875.0,860.0,865.0,9800
2022-09-01,857.0,858.0,851.0,851.0,6300
2022-09-02,855.0,856.0,850.0,856.0,4200
2022-09-05,856.0,863.0,856.0,859.0,3300
2022-09-06,863.0,878.0,863.0,865.0,7200
2022-09-07,865.0,865.0,843.0,855.0,9900
2022-09-08,862.0,884.0,858.0,868.0,10200
2022-09-09,858.0,871.0,857.0,863.0,8800
2022-09-12,861.0,869.0,861.0,866.0,2900
2022-09-13,866.0,866.0,861.0,864.0,3200
2022-09-14,851.0,858.0,851.0,857.0,5900
2022-09-15,858.0,858.0,851.0,851.0,7700
2022-09-16,852.0,854.0,846.0,846.0,5300
2022-09-20,852.0,870.0,826.0,857.0,36200
2022-09-21,887.0,887.0,853.0,855.0,32400
2022-09-22,863.0,866.0,856.0,856.0,16300
2022-09-26,861.0,867.0,854.0,854.0,14100
2022-09-27,856.0,866.0,855.0,855.0,7200
2022-09-28,856.0,858.0,841.0,851.0,17500
2022-09-29,842.0,851.0,842.0,847.0,6100
2022-09-30,841.0,841.0,835.0,835.0,10000
2022-10-03,834.0,838.0,822.0,827.0,6900
2022-10-04,840.0,840.0,827.0,833.0,7700
2022-10-05,836.0,836.0,829.0,830.0,7100
2022-10-06,830.0,834.0,827.0,833.0,5700
2022-10-07,836.0,842.0,831.0,838.0,8200
2022-10-11,838.0,848.0,838.0,839.0,5800
2022-10-12,839.0,843.0,836.0,842.0,4100
2022-10-13,845.0,847.0,830.0,830.0,10600
2022-10-14,843.0,845.0,837.0,844.0,7600
2022-10-17,844.0,845.0,837.0,837.0,11200
2022-10-18,845.0,846.0,832.0,832.0,6600
2022-10-19,845.0,845.0,836.0,843.0,3400
2022-10-20,845.0,845.0,836.0,839.0,8700
2022-10-21,840.0,843.0,835.0,835.0,5200
2022-10-24,843.0,843.0,836.0,839.0,6700
2022-10-25,840.0,843.0,836.0,837.0,9000
2022-10-26,844.0,844.0,837.0,837.0,3300
2022-10-27,843.0,843.0,837.0,839.0,3600
2022-10-28,843.0,848.0,831.0,831.0,30700
2022-10-31,840.0,840.0,831.0,833.0,6800
2022-11-01,840.0,840.0,834.0,836.0,4800
2022-11-02,836.0,841.0,836.0,840.0,8400
2022-11-04,835.0,839.0,832.0,834.0,6000
2022-11-07,845.0,845.0,836.0,840.0,7400
2022-11-08,850.0,851.0,841.0,851.0,14700
2022-11-09,865.0,868.0,836.0,840.0,22600
2022-11-10,835.0,837.0,831.0,833.0,7900
2022-11-11,836.0,838.0,835.0,838.0,6300
2022-11-14,838.0,838.0,832.0,836.0,6100
2022-11-15,837.0,838.0,832.0,838.0,6400
2022-11-16,834.0,838.0,832.0,835.0,5600
2022-11-17,838.0,840.0,835.0,839.0,3900
2022-11-18,842.0,848.0,840.0,845.0,4700
2022-11-21,845.0,865.0,842.0,865.0,10400
2022-11-22,868.0,880.0,862.0,880.0,8300
2022-11-24,885.0,928.0,885.0,928.0,15500
2022-11-25,928.0,928.0,910.0,916.0,12200
2022-11-28,924.0,924.0,916.0,919.0,6000
2022-11-29,919.0,919.0,890.0,916.0,9800
2022-11-30,918.0,931.0,904.0,926.0,8200
2022-12-01,932.0,932.0,909.0,909.0,8200
2022-12-02,924.0,924.0,906.0,915.0,9800
2022-12-05,911.0,921.0,911.0,921.0,6000
2022-12-06,913.0,921.0,913.0,918.0,3100
2022-12-07,915.0,915.0,913.0,914.0,2100
2022-12-08,914.0,922.0,905.0,922.0,7100
2022-12-09,922.0,928.0,920.0,928.0,3800
2022-12-12,930.0,942.0,930.0,942.0,4400
2022-12-13,942.0,949.0,936.0,941.0,8200
2022-12-14,955.0,956.0,943.0,954.0,11800
2022-12-15,969.0,969.0,955.0,962.0,25900
2022-12-16,954.0,954.0,931.0,931.0,10700
2022-12-19,946.0,946.0,909.0,910.0,5800
2022-12-20,917.0,929.0,888.0,893.0,9900
2022-12-21,894.0,906.0,880.0,880.0,8700
2022-12-22,895.0,895.0,882.0,884.0,5600
2022-12-23,910.0,910.0,873.0,876.0,13000
2022-12-26,906.0,909.0,896.0,896.0,5700
2022-12-27,917.0,926.0,904.0,904.0,3800
2022-12-28,904.0,909.0,895.0,898.0,4300
2022-12-29,899.0,925.0,892.0,925.0,4100
2022-12-30,924.0,924.0,907.0,916.0,4100
2023-01-04,924.0,929.0,911.0,911.0,5000
2023-01-05,915.0,916.0,896.0,896.0,4600
2023-01-06,906.0,928.0,906.0,925.0,4100
2023-01-10,940.0,940.0,929.0,931.0,5300
2023-01-11,931.0,931.0,926.0,926.0,2600
2023-01-12,927.0,927.0,913.0,913.0,5100
2023-01-13,917.0,917.0,910.0,910.0,5800
2023-01-16,905.0,918.0,902.0,902.0,10100
2023-01-17,926.0,926.0,904.0,904.0,3600
2023-01-18,910.0,918.0,909.0,918.0,4400
2023-01-19,929.0,929.0,907.0,907.0,5000
2023-01-20,908.0,924.0,901.0,903.0,10200
2023-01-23,918.0,918.0,908.0,908.0,4000
2023-01-24,911.0,925.0,910.0,920.0,6000
2023-01-25,913.0,924.0,913.0,918.0,9100
2023-01-26,918.0,921.0,913.0,913.0,2900
2023-01-27,924.0,928.0,917.0,921.0,4200
2023-01-30,920.0,936.0,901.0,901.0,34400
2023-01-31,910.0,927.0,910.0,925.0,5300
2023-02-01,930.0,941.0,925.0,934.0,11200
2023-02-02,943.0,943.0,931.0,931.0,2600
2023-02-03,943.0,943.0,931.0,931.0,3400
2023-02-06,932.0,943.0,932.0,937.0,3800
2023-02-07,940.0,945.0,940.0,942.0,2000
2023-02-08,948.0,948.0,938.0,940.0,6600
2023-02-09,935.0,948.0,935.0,936.0,4400
2023-02-10,936.0,947.0,936.0,946.0,8300
2023-02-13,961.0,988.0,949.0,988.0,33400
2023-02-14,1003.0,1015.0,984.0,1004.0,21500
2023-02-15,1002.0,1003.0,989.0,989.0,11600
2023-02-16,999.0,1010.0,995.0,1008.0,7900
2023-02-17,1002.0,1008.0,999.0,1006.0,4100
2023-02-20,1008.0,1019.0,1005.0,1019.0,4400
2023-02-21,1019.0,1019.0,1009.0,1010.0,6500
2023-02-22,1008.0,1015.0,992.0,999.0,7900
2023-02-24,995.0,1004.0,991.0,1004.0,7100
2023-02-27,1004.0,1019.0,1002.0,1019.0,6200
2023-02-28,1012.0,1022.0,1012.0,1014.0,6500
2023-03-01,1028.0,1035.0,1012.0,1035.0,9000
2023-03-02,1035.0,1037.0,1029.0,1032.0,4500
2023-03-03,1033.0,1060.0,1033.0,1055.0,12200
2023-03-06,1065.0,1070.0,1056.0,1070.0,12700
2023-03-07,1075.0,1077.0,1043.0,1051.0,10600
2023-03-08,1041.0,1050.0,1041.0,1048.0,3100
2023-03-09,1052.0,1079.0,1048.0,1067.0,5600
2023-03-10,1052.0,1059.0,1037.0,1039.0,16100
2023-03-13,1036.0,1046.0,1036.0,1046.0,3900
2023-03-14,1061.0,1061.0,1037.0,1042.0,7700
2023-03-15,1045.0,1059.0,1041.0,1047.0,10500
2023-03-16,1040.0,1044.0,1036.0,1044.0,5500
2023-03-17,1060.0,1066.0,1059.0,1066.0,4000
2023-03-20,1068.0,1090.0,1068.0,1083.0,15600
2023-03-22,1098.0,1127.0,1098.0,1112.0,14200
2023-03-23,1117.0,1130.0,1117.0,1130.0,8000
2023-03-24,1119.0,1119.0,1087.0,1088.0,14300
2023-03-27,1088.0,1104.0,1083.0,1104.0,9800
2023-03-28,1081.0,1111.0,1081.0,1097.0,33600
2023-03-29,1092.0,1120.0,1092.0,1120.0,21900
2023-03-30,1097.0,1097.0,1066.0,1076.0,11300
2023-03-31,1080.0,1109.0,1080.0,1103.0,11800
2023-04-03,1093.0,1115.0,1092.0,1114.0,10100
2023-04-04,1098.0,1098.0,1075.0,1075.0,16200
2023-04-05,1065.0,1068.0,1022.0,1042.0,15700
2023-04-06,1032.0,1061.0,1025.0,1034.0,20300
2023-04-07,1026.0,1068.0,1026.0,1058.0,11300
2023-04-10,1071.0,1092.0,1069.0,1091.0,7800
2023-04-11,1091.0,1093.0,1063.0,1093.0,10500
2023-04-12,1087.0,1087.0,1066.0,1076.0,7200
2023-04-13,1065.0,1090.0,1058.0,1077.0,8800
2023-04-14,1075.0,1091.0,1071.0,1091.0,11100
2023-04-17,1083.0,1092.0,1066.0,1084.0,15700
2023-04-18,1077.0,1118.0,1076.0,1112.0,23900
2023-04-19,1112.0,1140.0,1105.0,1112.0,21200
2023-04-20,1112.0,1139.0,1110.0,1121.0,15900
2023-04-21,1122.0,1129.0,1115.0,1121.0,5200
2023-04-24,1140.0,1170.0,1126.0,1163.0,23200
2023-04-25,1144.0,1170.0,1143.0,1147.0,14500
2023-04-26,1147.0,1161.0,1146.0,1152.0,8500
2023-04-27,1144.0,1151.0,1122.0,1122.0,48500
2023-04-28,1130.0,1136.0,1116.0,1126.0,14900
2023-05-01,1151.0,1173.0,1141.0,1171.0,15700
2023-05-02,1160.0,1217.0,1160.0,1212.0,19700
2023-05-08,1222.0,1230.0,1195.0,1223.0,23000
2023-05-09,1247.0,1300.0,1227.0,1276.0,36200
2023-05-10,1280.0,1327.0,1210.0,1220.0,118900
2023-05-11,1225.0,1270.0,1210.0,1246.0,21400
2023-05-12,1246.0,1257.0,1163.0,1240.0,27000
2023-05-15,1155.0,1198.0,1130.0,1172.0,46800
2023-05-16,1182.0,1195.0,1158.0,1169.0,13100
2023-05-17,1169.0,1172.0,1152.0,1152.0,11100
2023-05-18,1152.0,1170.0,1144.0,1169.0,15000
2023-05-19,1158.0,1171.0,1147.0,1149.0,11500
2023-05-22,1151.0,1182.0,1151.0,1176.0,6500
2023-05-23,1163.0,1171.0,1151.0,1154.0,12600
2023-05-24,1154.0,1159.0,1151.0,1159.0,5400
2023-05-25,1152.0,1174.0,1152.0,1164.0,15400
2023-05-26,1155.0,1155.0,1125.0,1125.0,13100
2023-05-29,1128.0,1134.0,1121.0,1128.0,5600
2023-05-30,1225.0,1226.0,1171.0,1203.0,48500
2023-05-31,1200.0,1200.0,1155.0,1155.0,22600
2023-06-01,1158.0,1193.0,1158.0,1162.0,9000
2023-06-02,1167.0,1187.0,1167.0,1183.0,8500
2023-06-05,1200.0,1209.0,1191.0,1193.0,13800
2023-06-06,1198.0,1205.0,1191.0,1195.0,6200
2023-06-07,1195.0,1200.0,1170.0,1170.0,6900
2023-06-08,1170.0,1179.0,1159.0,1159.0,11500
2023-06-09,1163.0,1193.0,1163.0,1190.0,12800
2023-06-12,1190.0,1199.0,1181.0,1199.0,6200
2023-06-13,1210.0,1230.0,1204.0,1205.0,18600
2023-06-14,1210.0,1239.0,1208.0,1239.0,21400
2023-06-15,1264.0,1282.0,1233.0,1236.0,47300
2023-06-16,1247.0,1262.0,1225.0,1257.0,20300
2023-06-19,1270.0,1270.0,1245.0,1267.0,10800
2023-06-20,1259.0,1274.0,1250.0,1270.0,7100
2023-06-21,1260.0,1281.0,1260.0,1277.0,8800
2023-06-22,1277.0,1280.0,1269.0,1277.0,5500
2023-06-23,1292.0,1292.0,1241.0,1255.0,21200
2023-06-26,1242.0,1266.0,1214.0,1251.0,10600
2023-06-27,1251.0,1259.0,1224.0,1233.0,5200
2023-06-28,1259.0,1280.0,1245.0,1275.0,12800
2023-06-29,1275.0,1291.0,1267.0,1291.0,7700
2023-06-30,1300.0,1300.0,1278.0,1291.0,11800
2023-07-03,1298.0,1347.0,1295.0,1339.0,24900
2023-07-04,1328.0,1390.0,1322.0,1359.0,17300
2023-07-05,1357.0,1359.0,1327.0,1339.0,11100
2023-07-06,1346.0,1350.0,1313.0,1339.0,11300
2023-07-07,1317.0,1340.0,1314.0,1329.0,8300
2023-07-10,1323.0,1325.0,1301.0,1304.0,10300
2023-07-11,1319.0,1319.0,1260.0,1288.0,19200
2023-07-12,1278.0,1295.0,1274.0,1275.0,8600
2023-07-13,1274.0,1285.0,1250.0,1280.0,11000
2023-07-14,1280.0,1280.0,1237.0,1269.0,11600
2023-07-18,1265.0,1289.0,1255.0,1260.0,17500
2023-07-19,1278.0,1288.0,1263.0,1284.0,6000
2023-07-20,1291.0,1325.0,1291.0,1317.0,12800
2023-07-21,1332.0,1348.0,1323.0,1340.0,10400
2023-07-24,1345.0,1354.0,1327.0,1340.0,8200
2023-07-25,1336.0,1337.0,1328.0,1329.0,8800
2023-07-26,1338.0,1346.0,1328.0,1343.0,3300
2023-07-27,1339.0,1350.0,1332.0,1347.0,3800
2023-07-28,1335.0,1347.0,1272.0,1286.0,60500
2023-07-31,1306.0,1338.0,1306.0,1330.0,12900
2023-08-01,1330.0,1339.0,1321.0,1328.0,4700
2023-08-02,1329.0,1329.0,1310.0,1314.0,7800
2023-08-03,1302.0,1306.0,1287.0,1293.0,8600
2023-08-04,1286.0,1321.0,1285.0,1313.0,7100
2023-08-07,1323.0,1370.0,1316.0,1367.0,16600
2023-08-08,1368.0,1377.0,1363.0,1373.0,18200
2023-08-09,1673.0,1673.0,1558.0,1644.0,250900
2023-08-10,1639.0,1763.0,1626.0,1704.0,93500
2023-08-14,1703.0,1836.0,1703.0,1767.0,65000
2023-08-15,1809.0,1886.0,1730.0,1762.0,66600
2023-08-16,1722.0,1779.0,1689.0,1718.0,34000
2023-08-17,1705.0,1790.0,1705.0,1774.0,36200
2023-08-18,1784.0,1785.0,1656.0,1688.0,34400
2023-08-21,1675.0,1750.0,1673.0,1699.0,27000
2023-08-22,1709.0,1789.0,1709.0,1784.0,18700
2023-08-23,1792.0,1934.0,1785.0,1924.0,62500
2023-08-24,1926.0,1979.0,1885.0,1904.0,36600
2023-08-25,1865.0,1939.0,1838.0,1881.0,33000
2023-08-28,1921.0,1949.0,1871.0,1943.0,30400
2023-08-29,1943.0,1965.0,1895.0,1965.0,18900
2023-08-30,1965.0,1965.0,1881.0,1890.0,25700
2023-08-31,1881.0,1993.0,1880.0,1935.0,23300
2023-09-01,1940.0,1941.0,1899.0,1924.0,16800
2023-09-04,1924.0,1924.0,1869.0,1889.0,25400
2023-09-05,1873.0,1879.0,1806.0,1842.0,31400
2023-09-06,1840.0,1872.0,1821.0,1850.0,17700
2023-09-07,1872.0,1974.0,1856.0,1926.0,43700
2023-09-08,1923.0,2050.0,1922.0,2037.0,54600
2023-09-11,2071.0,2071.0,1976.0,1997.0,25600
2023-09-12,2012.0,2085.0,2000.0,2000.0,19300
2023-09-13,1994.0,2004.0,1925.0,1950.0,29300
2023-09-14,1955.0,2029.0,1955.0,2017.0,21000
2023-09-15,2034.0,2048.0,1981.0,1993.0,21400
2023-09-19,1953.0,2021.0,1953.0,2021.0,24800
2023-09-20,2007.0,2019.0,1981.0,1998.0,14100
2023-09-21,1998.0,2043.0,1990.0,2029.0,22300
2023-09-22,2014.0,2119.0,2010.0,2087.0,48700
2023-09-25,2081.0,2115.0,2030.0,2105.0,20700
2023-09-26,2105.0,2151.0,2081.0,2122.0,33200
2023-09-27,2091.0,2101.0,2027.0,2035.0,28900
2023-09-28,2028.0,2109.0,2028.0,2042.0,25100
2023-09-29,2042.0,2083.0,2002.0,2019.0,15200
2023-10-02,2039.0,2050.0,1905.0,1920.0,46100
2023-10-03,1880.0,1909.0,1838.0,1869.0,31400
2023-10-04,1800.0,1853.0,1800.0,1800.0,34600
2023-10-05,1840.0,1892.0,1840.0,1871.0,24800
2023-10-06,1871.0,1912.0,1845.0,1888.0,18800
2023-10-10,1928.0,1968.0,1909.0,1924.0,25700
2023-10-11,1938.0,1959.0,1897.0,1947.0,25600
2023-10-12,2005.0,2083.0,2005.0,2070.0,66400
2023-10-13,2059.0,2081.0,1987.0,2015.0,47000
2023-10-16,1965.0,1970.0,1869.0,1880.0,49800
2023-10-17,1920.0,1943.0,1871.0,1890.0,31000
2023-10-18,1890.0,1965.0,1883.0,1951.0,29700
2023-10-19,1911.0,1945.0,1892.0,1911.0,17900
2023-10-20,1893.0,1960.0,1893.0,1934.0,13400
2023-10-23,1901.0,1939.0,1808.0,1816.0,72400
2023-10-24,1802.0,1873.0,1802.0,1866.0,28000
2023-10-25,1863.0,1901.0,1857.0,1878.0,23500
2023-10-26,1877.0,1877.0,1806.0,1814.0,23200
2023-10-27,1838.0,1885.0,1820.0,1874.0,18300
2023-10-30,1879.0,1903.0,1831.0,1852.0,60000
2023-10-31,1892.0,1897.0,1831.0,1895.0,23200
2023-11-01,1911.0,1951.0,1911.0,1950.0,19900
2023-11-02,1976.0,2015.0,1951.0,1961.0,36000
2023-11-06,1982.0,2003.0,1971.0,1993.0,16500
2023-11-07,1993.0,2004.0,1956.0,1956.0,12800
2023-11-08,1956.0,1967.0,1900.0,1923.0,25800
2023-11-09,1924.0,1928.0,1863.0,1918.0,24200
2023-11-10,1856.0,1876.0,1735.0,1795.0,128300
2023-11-13,1760.0,1792.0,1717.0,1757.0,85900
2023-11-14,1757.0,1808.0,1756.0,1780.0,33100
2023-11-15,1780.0,1786.0,1730.0,1756.0,33300
2023-11-16,1780.0,1796.0,1760.0,1776.0,18400
2023-11-17,1786.0,1834.0,1786.0,1811.0,25000
2023-11-20,1811.0,1813.0,1782.0,1782.0,15000
2023-11-21,1783.0,1813.0,1777.0,1811.0,17600
2023-11-22,1820.0,1824.0,1801.0,1812.0,14200
2023-11-24,1818.0,1880.0,1818.0,1880.0,28100
2023-11-27,1885.0,1916.0,1861.0,1869.0,19400
2023-11-28,1867.0,1898.0,1861.0,1875.0,9900
2023-11-29,1890.0,1890.0,1834.0,1838.0,15400
2023-11-30,1838.0,1890.0,1836.0,1890.0,8300
2023-12-01,1905.0,1950.0,1898.0,1940.0,22900
2023-12-04,1953.0,1953.0,1897.0,1920.0,5600
2023-12-05,1928.0,1955.0,1908.0,1912.0,8300
2023-12-06,1910.0,1910.0,1881.0,1902.0,5700
2023-12-07,1880.0,1880.0,1845.0,1860.0,8400
2023-12-08,1840.0,1854.0,1801.0,1812.0,12000
2023-12-11,1812.0,1857.0,1812.0,1855.0,6900
2023-12-12,1851.0,1876.0,1824.0,1875.0,13900
2023-12-13,1896.0,1911.0,1858.0,1858.0,14100
2023-12-14,1848.0,1848.0,1771.0,1788.0,22800
2023-12-15,1841.0,1871.0,1814.0,1862.0,30600
2023-12-18,1849.0,1880.0,1825.0,1880.0,10100
2023-12-19,1857.0,1895.0,1857.0,1870.0,5100
2023-12-20,1854.0,1892.0,1854.0,1865.0,4300
2023-12-21,1858.0,1871.0,1811.0,1820.0,10200
2023-12-22,1836.0,1836.0,1814.0,1832.0,7400
2023-12-25,1851.0,1851.0,1821.0,1830.0,8200
2023-12-26,1813.0,1844.0,1813.0,1829.0,7000
2023-12-27,1829.0,1831.0,1784.0,1810.0,6100
2023-12-28,1788.0,1819.0,1786.0,1786.0,4200
2023-12-29,1789.0,1789.0,1727.0,1746.0,16700
2024-01-04,1731.0,1776.0,1710.0,1748.0,24300
2024-01-05,1766.0,1770.0,1755.0,1763.0,6000
2024-01-09,1763.0,1800.0,1744.0,1790.0,13700
2024-01-10,1800.0,1814.0,1787.0,1801.0,6900
2024-01-11,1802.0,1809.0,1773.0,1791.0,7200
2024-01-12,1781.0,1781.0,1695.0,1703.0,41400
2024-01-15,1704.0,1738.0,1704.0,1732.0,17900
2024-01-16,1716.0,1726.0,1698.0,1700.0,16600
2024-01-17,1714.0,1731.0,1704.0,1704.0,14000
2024-01-18,1704.0,1726.0,1704.0,1709.0,7700
2024-01-19,1701.0,1729.0,1700.0,1726.0,11900
2024-01-22,1734.0,1786.0,1725.0,1775.0,12800
2024-01-23,1775.0,1780.0,1744.0,1757.0,17200
2024-01-24,1750.0,1779.0,1741.0,1769.0,10100
2024-01-25,1773.0,1811.0,1773.0,1793.0,15100
2024-01-26,1793.0,1798.0,1741.0,1750.0,12800
2024-01-29,1775.0,1804.0,1770.0,1797.0,7600
2024-01-30,1797.0,1807.0,1775.0,1782.0,40700
2024-01-31,1790.0,1819.0,1786.0,1805.0,9100
2024-02-01,1796.0,1824.0,1796.0,1809.0,5600
2024-02-02,1819.0,1856.0,1819.0,1847.0,12000
2024-02-05,1850.0,1880.0,1835.0,1868.0,9300
2024-02-06,1868.0,1905.0,1858.0,1867.0,13700
2024-02-07,1868.0,1874.0,1832.0,1841.0,6200
2024-02-08,1835.0,1871.0,1822.0,1871.0,9900
2024-02-09,1864.0,1890.0,1819.0,1819.0,27600
2024-02-13,1699.0,1730.0,1648.0,1670.0,74700
2024-02-14,1680.0,1680.0,1636.0,1672.0,33800
2024-02-15,1663.0,1663.0,1605.0,1614.0,38300
2024-02-16,1647.0,1679.0,1615.0,1673.0,16000
2024-02-19,1680.0,1717.0,1670.0,1707.0,12800
2024-02-20,1708.0,1742.0,1704.0,1718.0,14600
2024-02-21,1727.0,1728.0,1694.0,1713.0,7300
2024-02-22,1716.0,1732.0,1700.0,1730.0,11100
2024-02-26,1740.0,1770.0,1733.0,1734.0,10300
2024-02-27,1727.0,1739.0,1713.0,1716.0,6100
2024-02-28,1703.0,1732.0,1703.0,1717.0,7700
2024-02-29,1717.0,1733.0,1711.0,1721.0,4900
2024-03-01,1717.0,1735.0,1717.0,1721.0,4200
2024-03-04,1721.0,1722.0,1680.0,1685.0,13200
2024-03-05,1693.0,1715.0,1670.0,1707.0,7500
2024-03-06,1697.0,1750.0,1697.0,1723.0,15100
2024-03-07,1728.0,1748.0,1719.0,1719.0,4700
2024-03-08,1703.0,1739.0,1700.0,1708.0,7700
2024-03-11,1708.0,1721.0,1668.0,1679.0,18600
2024-03-12,1661.0,1700.0,1651.0,1700.0,8100
2024-03-13,1704.0,1715.0,1671.0,1681.0,14700
2024-03-14,1682.0,1760.0,1682.0,1756.0,15700
2024-03-15,1737.0,1770.0,1737.0,1762.0,11000
2024-03-18,1773.0,1782.0,1745.0,1750.0,13100
2024-03-19,1783.0,1788.0,1760.0,1780.0,8900
2024-03-21,1789.0,1792.0,1740.0,1749.0,12600
2024-03-22,1755.0,1765.0,1741.0,1754.0,7200
2024-03-25,1770.0,1783.0,1754.0,1761.0,10400
2024-03-26,1761.0,1777.0,1759.0,1764.0,5800
2024-03-27,1764.0,1784.0,1761.0,1762.0,27900
2024-03-28,1701.0,1738.0,1696.0,1696.0,14000
2024-03-29,1716.0,1722.0,1700.0,1712.0,2800
2024-04-01,1721.0,1723.0,1685.0,1695.0,8700
2024-04-02,1682.0,1682.0,1638.0,1638.0,10400
2024-04-03,1630.0,1670.0,1630.0,1664.0,8100
2024-04-04,1682.0,1697.0,1656.0,1683.0,9500
2024-04-05,1650.0,1679.0,1650.0,1656.0,8000
2024-04-08,1666.0,1680.0,1636.0,1636.0,12300
2024-04-09,1639.0,1657.0,1639.0,1645.0,3900
2024-04-10,1645.0,1665.0,1645.0,1650.0,5300
2024-04-11,1650.0,1652.0,1640.0,1642.0,6100
2024-04-12,1638.0,1661.0,1636.0,1661.0,9000
2024-04-15,1651.0,1662.0,1650.0,1651.0,4800
2024-04-16,1641.0,1653.0,1605.0,1607.0,13700
2024-04-17,1603.0,1614.0,1581.0,1586.0,12800
2024-04-18,1586.0,1607.0,1581.0,1593.0,8500
2024-04-19,1612.0,1612.0,1576.0,1596.0,9700
2024-04-22,1612.0,1637.0,1612.0,1623.0,8200
2024-04-23,1647.0,1672.0,1644.0,1656.0,7700
2024-04-24,1675.0,1675.0,1637.0,1662.0,6900
2024-04-25,1677.0,1677.0,1651.0,1662.0,8400
2024-04-26,1658.0,1663.0,1569.0,1569.0,39400
2024-04-30,1605.0,1639.0,1605.0,1620.0,13100
2024-05-01,1616.0,1630.0,1616.0,1628.0,1600
2024-05-02,1633.0,1655.0,1619.0,1624.0,8600
2024-05-07,1632.0,1656.0,1631.0,1639.0,9700
2024-05-08,1627.0,1644.0,1627.0,1638.0,3800
2024-05-09,1639.0,1665.0,1639.0,1665.0,4600
2024-05-10,1665.0,1665.0,1623.0,1623.0,8300
2024-05-13,1936.0,1939.0,1871.0,1917.0,128300
2024-05-14,1917.0,1929.0,1881.0,1895.0,31500
2024-05-15,1894.0,1894.0,1858.0,1859.0,21900
2024-05-16,1877.0,1877.0,1805.0,1822.0,31100
2024-05-17,1862.0,1937.0,1839.0,1930.0,25400
2024-05-20,1940.0,1988.0,1938.0,1956.0,21700
2024-05-21,1956.0,1963.0,1940.0,1942.0,19100
2024-05-22,1948.0,2029.0,1947.0,2005.0,21700
2024-05-23,2005.0,2016.0,1978.0,2013.0,9500
2024-05-24,1990.0,2019.0,1989.0,1990.0,8200
2024-05-27,2017.0,2017.0,1990.0,2007.0,5500
2024-05-28,2007.0,2007.0,1957.0,1999.0,11500
2024-05-29,1999.0,1999.0,1901.0,1922.0,14100
2024-05-30,1898.0,1939.0,1896.0,1900.0,13200
2024-05-31,1889.0,1931.0,1889.0,1931.0,4700
2024-06-03,1941.0,1957.0,1934.0,1945.0,4900
2024-06-04,1945.0,1945.0,1910.0,1918.0,4700
2024-06-05,1909.0,1922.0,1902.0,1918.0,2800
2024-06-06,1912.0,1936.0,1912.0,1924.0,2200
2024-06-07,1933.0,1933.0,1928.0,1930.0,1600
2024-06-10,1916.0,1953.0,1916.0,1952.0,4100
2024-06-11,1955.0,1962.0,1945.0,1952.0,5600
2024-06-12,1952.0,1971.0,1952.0,1969.0,7900
2024-06-13,1971.0,1980.0,1960.0,1967.0,6900
2024-06-14,1953.0,2020.0,1953.0,2019.0,24000
2024-06-17,2075.0,2075.0,2005.0,2034.0,36500
2024-06-18,2029.0,2033.0,2011.0,2022.0,3700
2024-06-19,2035.0,2046.0,2020.0,2030.0,3700
2024-06-20,2030.0,2044.0,2007.0,2019.0,7000
2024-06-21,2021.0,2039.0,2015.0,2039.0,7400
2024-06-24,2047.0,2051.0,2025.0,2051.0,6700
2024-06-25,2101.0,2137.0,2073.0,2128.0,20700
2024-06-26,2145.0,2194.0,2122.0,2185.0,10500
2024-06-27,2199.0,2249.0,2180.0,2240.0,10400
2024-06-28,2264.0,2270.0,2207.0,2223.0,11600
2024-07-01,2243.0,2243.0,2170.0,2179.0,7300
2024-07-02,2194.0,2194.0,2134.0,2149.0,10000
2024-07-03,2167.0,2222.0,2158.0,2193.0,7500
2024-07-04,2192.0,2200.0,2180.0,2183.0,3200
2024-07-05,2183.0,2200.0,2167.0,2169.0,2500
2024-07-08,2197.0,2197.0,2104.0,2106.0,9900
2024-07-09,2108.0,2130.0,2063.0,2071.0,17400
2024-07-10,2071.0,2071.0,2026.0,2026.0,17600
2024-07-11,2022.0,2057.0,2016.0,2034.0,12000
2024-07-12,2025.0,2089.0,2025.0,2055.0,7500
2024-07-16,2059.0,2165.0,2059.0,2119.0,12800
2024-07-17,2131.0,2136.0,2105.0,2109.0,5900
2024-07-18,2106.0,2124.0,2085.0,2090.0,6900
2024-07-19,2091.0,2141.0,2070.0,2095.0,6700
2024-07-22,2095.0,2095.0,2062.0,2074.0,6600
2024-07-23,2091.0,2097.0,2046.0,2046.0,8000
2024-07-24,2046.0,2086.0,2012.0,2032.0,10100
2024-07-25,2001.0,2031.0,1968.0,1995.0,17900
2024-07-26,1980.0,2005.0,1961.0,1974.0,22600
2024-07-29,1974.0,2057.0,1971.0,2041.0,12400
2024-07-30,2035.0,2035.0,1980.0,1983.0,43300
2024-07-31,1963.0,2038.0,1963.0,2038.0,10100
2024-08-01,2032.0,2032.0,1930.0,1984.0,18300
2024-08-02,1900.0,1935.0,1865.0,1887.0,30200
2024-08-05,1807.0,1823.0,1495.0,1600.0,42600
2024-08-06,1711.0,1821.0,1701.0,1770.0,23800
2024-08-07,1750.0,1821.0,1730.0,1743.0,22600
2024-08-08,1730.0,1799.0,1722.0,1758.0,13300
2024-08-09,1770.0,1816.0,1757.0,1757.0,16400
2024-08-13,1836.0,1843.0,1770.0,1799.0,24000
2024-08-14,1820.0,1852.0,1801.0,1838.0,13100
2024-08-15,1860.0,1894.0,1851.0,1894.0,10200
2024-08-16,1904.0,1916.0,1881.0,1891.0,11400
2024-08-19,1900.0,1914.0,1890.0,1892.0,6000
2024-08-20,1917.0,1933.0,1902.0,1915.0,9400
2024-08-21,1930.0,1938.0,1928.0,1931.0,2500
2024-08-22,1940.0,1971.0,1940.0,1971.0,8000
2024-08-23,1972.0,1986.0,1936.0,1946.0,14500
2024-08-26,1984.0,1985.0,1955.0,1984.0,6200
2024-08-27,1994.0,2045.0,1994.0,2042.0,10500
2024-08-28,2041.0,2043.0,2018.0,2032.0,3800
2024-08-29,2034.0,2060.0,2034.0,2050.0,5400
2024-08-30,2055.0,2082.0,2037.0,2056.0,7200
2024-09-02,2079.0,2084.0,2042.0,2053.0,7600
2024-09-03,2046.0,2068.0,2046.0,2060.0,5100
2024-09-04,2044.0,2059.0,2000.0,2020.0,12200
2024-09-05,2020.0,2030.0,2000.0,2000.0,8600
2024-09-06,2010.0,2010.0,1930.0,1958.0,14100
2024-09-09,1923.0,2009.0,1923.0,2007.0,16500
2024-09-10,2037.0,2038.0,2003.0,2016.0,4600
2024-09-11,2016.0,2016.0,1955.0,1981.0,7100
2024-09-12,1982.0,2006.0,1952.0,1979.0,12200
2024-09-13,1977.0,2057.0,1977.0,2057.0,11500
2024-09-17,2041.0,2052.0,1992.0,2016.0,14500
2024-09-18,2032.0,2104.0,2030.0,2103.0,18600
2024-09-19,2107.0,2126.0,2058.0,2066.0,12800
2024-09-20,2070.0,2129.0,2068.0,2129.0,9400
2024-09-24,2132.0,2132.0,2076.0,2089.0,15600
2024-09-25,2079.0,2080.0,2053.0,2057.0,14400
2024-09-26,2056.0,2064.0,2029.0,2057.0,22000
2024-09-27,2000.0,2030.0,1995.0,2000.0,13500
2024-09-30,1959.0,1997.0,1959.0,1978.0,9000
2024-10-01,1983.0,2032.0,1983.0,2032.0,4900
2024-10-02,2013.0,2053.0,1986.0,1997.0,7700
2024-10-03,2016.0,2024.0,2000.0,2000.0,2300
2024-10-04,1998.0,2045.0,1998.0,2030.0,5400
2024-10-07,2056.0,2064.0,2032.0,2054.0,6200
2024-10-08,2030.0,2030.0,1990.0,1990.0,8900
2024-10-09,1992.0,2000.0,1951.0,1969.0,11400
2024-10-10,1966.0,1966.0,1929.0,1941.0,12100
2024-10-11,1935.0,1959.0,1928.0,1947.0,7900
2024-10-15,1949.0,1957.0,1940.0,1945.0,10300
2024-10-16,1930.0,1956.0,1930.0,1955.0,6500
2024-10-17,1962.0,1962.0,1940.0,1946.0,4700
2024-10-18,1946.0,1965.0,1942.0,1958.0,6200
2024-10-21,1975.0,1979.0,1943.0,1945.0,4900
2024-10-22,1958.0,1958.0,1911.0,1911.0,7400
2024-10-23,1911.0,1914.0,1876.0,1893.0,16600
2024-10-24,1880.0,1888.0,1854.0,1888.0,10700
2024-10-25,1898.0,1898.0,1853.0,1889.0,18700
2024-10-28,1889.0,1920.0,1889.0,1920.0,11000
2024-10-29,1922.0,1930.0,1901.0,1922.0,4100
2024-10-30,1910.0,1914.0,1868.0,1898.0,47900
2024-10-31,1882.0,1910.0,1867.0,1897.0,11500
2024-11-01,1907.0,1909.0,1886.0,1909.0,4300
2024-11-05,1900.0,1913.0,1887.0,1887.0,2700
2024-11-06,1890.0,1916.0,1890.0,1902.0,22300
2024-11-07,1922.0,1989.0,1910.0,1950.0,13400
2024-11-08,1968.0,1979.0,1940.0,1962.0,2900
2024-11-11,1997.0,2020.0,1990.0,2013.0,19300
2024-11-12,2036.0,2036.0,1969.0,2002.0,7900
2024-11-13,2002.0,2010.0,1986.0,1986.0,5500
2024-11-14,1994.0,1994.0,1981.0,1994.0,2300
2024-11-15,1994.0,2014.0,1979.0,1994.0,7300
2024-11-18,2019.0,2027.0,1997.0,2027.0,6400
2024-11-19,2012.0,2021.0,1997.0,2003.0,19200
2024-11-20,2003.0,2005.0,1987.0,1995.0,7400
2024-11-21,1995.0,2013.0,1992.0,1996.0,2500
2024-11-22,1997.0,2007.0,1990.0,1996.0,4100
2024-11-25,1988.0,1989.0,1975.0,1981.0,8100
2024-11-26,1971.0,1975.0,1964.0,1967.0,6000
2024-11-27,1967.0,1979.0,1955.0,1964.0,3700
2024-11-28,1952.0,1969.0,1952.0,1955.0,4400
2024-11-29,1955.0,1975.0,1953.0,1963.0,4700
2024-12-02,1958.0,1980.0,1958.0,1968.0,2400
2024-12-03,1983.0,2001.0,1968.0,1984.0,4500
2024-12-04,1984.0,1995.0,1982.0,1982.0,2100
2024-12-05,1982.0,1989.0,1972.0,1972.0,2200
2024-12-06,1998.0,1998.0,1975.0,1975.0,4300
2024-12-09,1998.0,2009.0,1991.0,2000.0,6100
2024-12-10,2010.0,2010.0,1990.0,2000.0,2100
2024-12-11,2001.0,2025.0,1992.0,2024.0,6900
2024-12-12,2016.0,2024.0,1977.0,1977.0,11500
2024-12-13,1971.0,1988.0,1965.0,1977.0,7700
2024-12-16,2017.0,2017.0,1986.0,1997.0,23500
2024-12-17,2014.0,2014.0,1985.0,1988.0,3300
2024-12-18,1988.0,2000.0,1987.0,2000.0,2900
2024-12-19,1996.0,2020.0,1996.0,2020.0,4500
2024-12-20,2025.0,2036.0,2005.0,2005.0,11500
2024-12-23,2028.0,2045.0,2014.0,2024.0,5600
2024-12-24,2020.0,2032.0,2005.0,2009.0,5200
2024-12-25,2039.0,2039.0,1940.0,1985.0,18600
2024-12-26,2006.0,2006.0,1986.0,1986.0,4000
2024-12-27,1995.0,2025.0,1990.0,2025.0,4900
2024-12-30,2015.0,2038.0,2010.0,2010.0,5100
2025-01-06,2028.0,2046.0,2021.0,2030.0,9400
2025-01-07,2043.0,2068.0,2030.0,2030.0,10800
2025-01-08,2031.0,2060.0,2031.0,2046.0,5300
2025-01-09,2074.0,2075.0,2023.0,2023.0,6600
2025-01-10,2024.0,2070.0,2024.0,2047.0,2700
2025-01-14,2045.0,2045.0,2024.0,2030.0,8200
2025-01-15,2027.0,2039.0,2007.0,2007.0,9700
2025-01-16,2004.0,2009.0,1987.0,1987.0,16100
2025-01-17,1987.0,1988.0,1956.0,1962.0,15800
2025-01-20,1981.0,1986.0,1963.0,1977.0,7300
2025-01-21,1977.0,1977.0,1968.0,1970.0,6700
2025-01-22,1984.0,1996.0,1975.0,1980.0,7900
2025-01-23,1989.0,2005.0,1980.0,1993.0,7300
2025-01-24,2004.0,2004.0,1982.0,1986.0,8500
2025-01-27,2004.0,2004.0,1985.0,1999.0,8000
2025-01-28,1988.0,1998.0,1988.0,1998.0,9000
2025-01-29,1999.0,2005.0,1990.0,1990.0,11500
2025-01-30,1982.0,1982.0,1912.0,1912.0,117100
2025-01-31,1952.0,1957.0,1923.0,1923.0,27500
2025-02-03,1948.0,1969.0,1934.0,1969.0,14100
2025-02-04,1985.0,1986.0,1963.0,1964.0,10600
2025-02-05,1983.0,1983.0,1962.0,1974.0,6200
2025-02-06,1974.0,1982.0,1965.0,1982.0,7700
2025-02-07,1983.0,1999.0,1983.0,1999.0,10400
2025-02-10,2018.0,2041.0,1990.0,2041.0,20000
2025-02-12,1975.0,1999.0,1964.0,1999.0,29400
2025-02-13,1998.0,2010.0,1990.0,2001.0,4900
2025-02-14,2004.0,2007.0,1988.0,1999.0,6300
2025-02-17,2000.0,2000.0,1976.0,1978.0,11500
2025-02-18,1978.0,1981.0,1969.0,1969.0,7800
2025-02-19,1967.0,1983.0,1965.0,1980.0,3700
2025-02-20,1980.0,1980.0,1970.0,1976.0,4000
2025-02-21,1966.0,1979.0,1966.0,1979.0,4100
2025-02-25,1970.0,1980.0,1965.0,1967.0,7600
2025-02-26,1965.0,1968.0,1958.0,1959.0,7800
2025-02-27,1955.0,1971.0,1955.0,1969.0,4700
2025-02-28,1966.0,1983.0,1961.0,1975.0,4500
2025-03-03,1983.0,1988.0,1972.0,1980.0,6900
2025-03-04,1985.0,1985.0,1969.0,1980.0,5600
2025-03-05,1984.0,1994.0,1975.0,1994.0,4800
2025-03-06,1997.0,2000.0,1990.0,2000.0,5300
2025-03-07,1999.0,2005.0,1991.0,2005.0,6100
2025-03-10,2013.0,2015.0,2006.0,2011.0,2900
2025-03-11,2003.0,2009.0,1981.0,2009.0,9300
2025-03-12,2015.0,2020.0,2009.0,2013.0,2700
2025-03-13,2020.0,2034.0,2017.0,2031.0,4300
2025-03-14,2035.0,2037.0,2025.0,2037.0,4400
2025-03-17,2046.0,2053.0,2040.0,2050.0,9100
2025-03-18,2049.0,2060.0,2042.0,2052.0,5700
2025-03-19,2058.0,2063.0,2056.0,2059.0,2900
2025-03-21,2063.0,2063.0,2054.0,2056.0,6400
2025-03-24,2056.0,2061.0,2047.0,2061.0,5300
2025-03-25,2061.0,2075.0,2060.0,2071.0,9400
2025-03-26,2074.0,2074.0,2065.0,2070.0,3700
2025-03-27,2070.0,2080.0,2063.0,2063.0,8400
2025-03-28,1983.0,2022.0,1982.0,1989.0,12600
2025-03-31,1966.0,1989.0,1950.0,1961.0,12700
2025-04-01,1992.0,1995.0,1973.0,1983.0,5400
2025-04-02,1987.0,1987.0,1963.0,1966.0,3100
2025-04-03,1949.0,1963.0,1940.0,1942.0,10500
2025-04-04,1921.0,1921.0,1851.0,1872.0,19800
2025-04-07,1766.0,1822.0,1699.0,1771.0,19600
2025-04-08,1851.0,1900.0,1851.0,1879.0,6800
2025-04-09,1873.0,1873.0,1834.0,1837.0,5200
2025-04-10,1934.0,1934.0,1890.0,1926.0,4000
2025-04-11,1910.0,1915.0,1883.0,1915.0,6500
2025-04-14,1935.0,1960.0,1931.0,1934.0,6000
2025-04-15,1934.0,1957.0,1921.0,1948.0,5400
2025-04-16,1958.0,1958.0,1925.0,1930.0,2900
2025-04-17,1929.0,1945.0,1929.0,1933.0,2900
2025-04-18,1933.0,1957.0,1933.0,1933.0,2300
2025-04-21,1949.0,1949.0,1920.0,1933.0,6400
2025-04-22,1933.0,1982.0,1933.0,1973.0,7600
2025-04-23,1981.0,1983.0,1965.0,1980.0,3300
2025-04-24,1980.0,1992.0,1966.0,1992.0,7800
2025-04-25,1989.0,1989.0,1972.0,1976.0,6000
2025-04-28,1953.0,1984.0,1952.0,1981.0,21000
2025-04-30,1991.0,2070.0,1966.0,1981.0,40600
2025-05-01,1974.0,1991.0,1974.0,1976.0,1600
2025-05-02,1976.0,1987.0,1971.0,1975.0,3500
2025-05-07,1976.0,1980.0,1956.0,1964.0,4400
2025-05-08,1964.0,1977.0,1957.0,1964.0,2300
2025-05-09,1975.0,2000.0,1964.0,1993.0,8100
2025-05-12,1999.0,2019.0,1995.0,2000.0,7800
2025-05-13,2018.0,2020.0,1999.0,2010.0,8000
2025-05-14,2012.0,2029.0,1952.0,1978.0,22900
2025-05-15,1977.0,1984.0,1949.0,1949.0,11600
2025-05-16,1951.0,1973.0,1951.0,1962.0,1800
2025-05-19,1957.0,1987.0,1957.0,1982.0,3300
2025-05-20,1969.0,1980.0,1967.0,1969.0,5100
2025-05-21,1971.0,1980.0,1970.0,1970.0,2200
2025-05-22,1970.0,1979.0,1970.0,1979.0,2600
2025-05-23,1971.0,1983.0,1970.0,1981.0,5200
2025-05-26,1973.0,1978.0,1970.0,1970.0,3600
2025-05-27,1971.0,1988.0,1971.0,1982.0,6300
2025-05-28,1988.0,1999.0,1979.0,1999.0,7400
2025-05-29,1999.0,1999.0,1983.0,1998.0,1700
2025-05-30,2000.0,2073.0,1995.0,2051.0,31100
2025-06-02,2051.0,2051.0,2030.0,2033.0,4400
2025-06-03,2038.0,2038.0,2005.0,2030.0,3500
2025-06-04,2035.0,2043.0,2022.0,2039.0,4600
2025-06-05,2021.0,2041.0,2021.0,2027.0,3500
2025-06-06,2027.0,2050.0,2023.0,2050.0,3400
2025-06-09,2068.0,2068.0,2036.0,2058.0,5600
2025-06-10,2068.0,2073.0,2063.0,2064.0,4500
2025-06-11,2076.0,2076.0,2064.0,2064.0,4600
2025-06-12,2066.0,2084.0,2066.0,2084.0,7800
2025-06-13,2088.0,2109.0,2076.0,2109.0,10800
2025-06-16,2145.0,2145.0,2064.0,2064.0,35800
2025-06-17,2070.0,2084.0,2064.0,2068.0,3500
2025-06-18,2097.0,2097.0,2077.0,2083.0,6700
2025-06-19,2086.0,2119.0,2086.0,2097.0,4900
2025-06-20,2114.0,2114.0,2081.0,2081.0,7400
2025-06-23,2081.0,2094.0,2070.0,2084.0,6700
2025-06-24,2092.0,2140.0,2092.0,2119.0,13000
2025-06-25,2182.0,2182.0,2120.0,2125.0,14200
2025-06-26,2140.0,2173.0,2112.0,2131.0,5300
2025-06-27,2147.0,2147.0,2112.0,2116.0,3800
2025-06-30,2150.0,2168.0,2118.0,2121.0,6600
2025-07-01,2102.0,2132.0,2102.0,2110.0,2300
2025-07-02,2103.0,2111.0,2082.0,2090.0,4800
2025-07-03,2100.0,2101.0,2088.0,2091.0,3700
2025-07-04,2100.0,2105.0,2093.0,2093.0,2300
2025-07-07,2116.0,2116.0,2090.0,2115.0,2400
2025-07-08,2115.0,2115.0,2091.0,2100.0,3700
2025-07-09,2119.0,2150.0,2119.0,2122.0,4800
2025-07-10,2138.0,2138.0,2115.0,2121.0,1700
2025-07-11,2116.0,2138.0,2114.0,2121.0,2400
2025-07-14,2122.0,2150.0,2121.0,2142.0,2400
2025-07-15,2129.0,2160.0,2126.0,2140.0,4400
2025-07-16,2164.0,2191.0,2130.0,2146.0,7300
2025-07-17,2158.0,2185.0,2146.0,2146.0,3300
2025-07-18,2146.0,2175.0,2135.0,2151.0,4100
2025-07-22,2160.0,2173.0,2133.0,2162.0,1400
2025-07-23,2162.0,2166.0,2142.0,2143.0,4300
2025-07-24,2144.0,2155.0,2143.0,2143.0,3400
2025-07-25,2143.0,2155.0,2143.0,2150.0,3800
2025-07-28,2150.0,2156.0,2148.0,2155.0,1900
2025-07-29,2155.0,2166.0,2150.0,2157.0,2300
2025-07-30,2157.0,2170.0,2154.0,2155.0,1400
2025-07-31,2155.0,2175.0,2155.0,2155.0,2700
2025-08-01,2155.0,2159.0,2146.0,2154.0,4000
2025-08-04,2146.0,2153.0,2140.0,2146.0,5600
2025-08-05,2150.0,2159.0,2150.0,2159.0,1400
2025-08-06,2152.0,2164.0,2149.0,2160.0,3400
2025-08-07,2164.0,2185.0,2155.0,2181.0,5900
2025-08-08,2200.0,2234.0,2181.0,2234.0,14500
2025-08-12,2077.0,2177.0,2052.0,2153.0,48500
2025-08-13,2181.0,2294.0,2056.0,2141.0,40400
2025-08-14,2141.0,2141.0,2118.0,2124.0,9200
2025-08-15,2125.0,2142.0,2125.0,2141.0,7200
2025-08-18,2135.0,2150.0,2135.0,2144.0,5400
2025-08-19,2145.0,2165.0,2145.0,2165.0,4200
2025-08-20,2165.0,2178.0,2150.0,2167.0,6500
2025-08-21,2167.0,2167.0,2128.0,2139.0,10600
2025-08-22,2160.0,2168.0,2155.0,2167.0,5200
2025-08-25,2178.0,2187.0,2170.0,2176.0,6800
2025-08-26,2171.0,2194.0,2167.0,2194.0,4000
2025-08-27,2188.0,2196.0,2172.0,2180.0,2600
2025-08-28,2190.0,2190.0,2181.0,2185.0,2700
2025-08-29,2190.0,2198.0,2190.0,2197.0,2300
2025-09-01,2197.0,2225.0,2197.0,2205.0,10400
2025-09-02,2221.0,2349.0,2205.0,2241.0,16800
2025-09-03,2243.0,2243.0,2222.0,2224.0,5300
2025-09-04,2258.0,2258.0,2222.0,2252.0,3800
2025-09-05,2254.0,2271.0,2229.0,2242.0,4300
2025-09-08,2250.0,2291.0,2247.0,2290.0,7300
2025-09-09,2318.0,2318.0,2291.0,2300.0,6400
2025-09-10,2300.0,2320.0,2300.0,2310.0,4400
2025-09-11,2310.0,2315.0,2291.0,2300.0,4300
2025-09-12,2300.0,2306.0,2263.0,2306.0,5500
2025-09-16,2285.0,2305.0,2265.0,2300.0,7900
2025-09-17,2280.0,2286.0,2270.0,2276.0,3100
2025-09-18,2276.0,2300.0,2270.0,2300.0,5600
2025-09-19,2301.0,2305.0,2285.0,2286.0,4200
2025-09-22,2286.0,2320.0,2286.0,2301.0,5500
2025-09-24,2302.0,2317.0,2301.0,2312.0,5700
2025-09-25,2312.0,2322.0,2312.0,2314.0,7600
2025-09-26,2321.0,2323.0,2302.0,2302.0,8900
2025-09-29,2290.0,2300.0,2261.0,2268.0,6000
2025-09-30,2262.0,2262.0,2231.0,2240.0,5100
2025-10-01,2224.0,2240.0,2213.0,2240.0,1500
2025-10-02,2224.0,2224.0,2138.0,2160.0,5900
2025-10-03,2176.0,2220.0,2120.0,2177.0,17900
2025-10-06,2200.0,2212.0,2188.0,2188.0,5500
2025-10-07,2206.0,2216.0,2194.0,2194.0,3400
2025-10-08,2191.0,2206.0,2182.0,2200.0,4000
2025-10-09,2217.0,2217.0,2184.0,2184.0,4400
2025-10-10,2189.0,2204.0,2148.0,2148.0,4300
2025-10-14,2112.0,2168.0,2106.0,2168.0,5300
2025-10-15,2165.0,2185.0,2165.0,2171.0,3600
2025-10-16,2162.0,2181.0,2162.0,2171.0,2100
2025-10-17,2178.0,2178.0,2140.0,2160.0,2800
2025-10-20,2177.0,2196.0,2161.0,2172.0,3500
2025-10-21,2171.0,2198.0,2171.0,2190.0,1200
2025-10-22,2190.0,2200.0,2182.0,2200.0,2500
2025-10-23,2200.0,2218.0,2200.0,2218.0,5100
2025-10-24,2224.0,2224.0,2212.0,2212.0,3200
2025-10-27,2232.0,2232.0,2201.0,2212.0,2000
2025-10-28,2217.0,2229.0,2178.0,2178.0,4100
2025-10-29,2180.0,2199.0,2173.0,2196.0,3200
2025-10-30,2191.0,2198.0,2176.0,2197.0,3800
2025-10-31,2198.0,2198.0,2178.0,2179.0,2800
2025-11-04,2182.0,2205.0,2181.0,2186.0,3000
2025-11-05,2186.0,2196.0,2182.0,2186.0,2000
2025-11-06,2187.0,2203.0,2187.0,2201.0,3000
2025-11-07,2187.0,2206.0,2187.0,2193.0,3200
2025-11-10,2200.0,2239.0,2200.0,2230.0,4900
2025-11-11,2234.0,2235.0,2208.0,2210.0,7800
2025-11-12,2205.0,2221.0,2205.0,2208.0,3000
2025-11-13,2208.0,2217.0,2202.0,2217.0,3100
2025-11-14,2205.0,2218.0,2205.0,2217.0,3200
2025-11-17,2214.0,2219.0,2210.0,2216.0,3100
2025-11-18,2216.0,2216.0,2200.0,2201.0,5300
2025-11-19,2213.0,2219.0,2202.0,2202.0,2500
2025-11-20,2204.0,2215.0,2201.0,2202.0,2600
2025-11-21,2201.0,2245.0,2201.0,2245.0,4400
2025-11-25,2218.0,2225.0,2210.0,2210.0,10300
2025-11-26,2210.0,2220.0,2202.0,2202.0,5300
2025-11-27,2202.0,2217.0,2200.0,2202.0,9700
2025-11-28,2202.0,2214.0,2200.0,2202.0,4500
2025-12-01,2209.0,2209.0,2201.0,2202.0,5200
2025-12-02,2202.0,2212.0,2202.0,2202.0,4700
2025-12-03,2202.0,2204.0,2200.0,2201.0,4300
2025-12-04,2200.0,2211.0,2197.0,2209.0,9200
2025-12-05,2238.0,2238.0,2200.0,2200.0,8500
2025-12-08,2217.0,2217.0,2183.0,2199.0,10000
2025-12-09,2208.0,2208.0,2192.0,2198.0,4700
2025-12-10,2200.0,2209.0,2200.0,2203.0,6600
2025-12-11,2203.0,2208.0,2202.0,2203.0,4900
2025-12-12,2207.0,2236.0,2204.0,2231.0,15300
2025-12-15,2225.0,2247.0,2225.0,2247.0,25600
2025-12-16,2250.0,2255.0,2222.0,2230.0,4100
2025-12-17,2222.0,2233.0,2222.0,2230.0,5100
2025-12-18,2241.0,2241.0,2230.0,2234.0,2000
2025-12-19,2235.0,2235.0,2225.0,2230.0,3100
2025-12-22,2249.0,2249.0,2222.0,2236.0,6300
2025-12-23,2237.0,2247.0,2236.0,2239.0,3800
2025-12-24,2244.0,2252.0,2242.0,2252.0,3100
2025-12-25,2268.0,2268.0,2240.0,2245.0,12300
2025-12-26,2267.0,2267.0,2246.0,2259.0,4000
2025-12-29,2278.0,2301.0,2260.0,2297.0,7700
2025-12-30,2300.0,2332.0,2300.0,2311.0,4800
2026-01-05,2311.0,2335.0,2300.0,2334.0,11700
2026-01-06,2343.0,2410.0,2343.0,2400.0,15200
2026-01-07,2414.0,2467.0,2401.0,2421.0,10300
2026-01-08,2421.0,2488.0,2421.0,2462.0,13100
2026-01-09,2476.0,2524.0,2476.0,2489.0,9300
2026-01-13,2520.0,2588.0,2515.0,2543.0,15100
2026-01-14,2550.0,2560.0,2510.0,2560.0,6700
2026-01-15,2560.0,2585.0,2531.0,2585.0,5200
2026-01-16,2570.0,2584.0,2541.0,2571.0,5500
2026-01-19,2582.0,2627.0,2572.0,2605.0,15600
2026-01-20,2630.0,2649.0,2590.0,2649.0,4800
2026-01-21,2589.0,2615.0,2549.0,2560.0,11500
2026-01-22,2563.0,2571.0,2541.0,2571.0,3100
2026-01-23,2586.0,2586.0,2541.0,2553.0,4400
2026-01-26,2533.0,2563.0,2529.0,2558.0,5900
2026-01-27,2560.0,2579.0,2537.0,2575.0,2500
2026-01-28,2551.0,2574.0,2551.0,2558.0,1200
2026-01-29,2558.0,2563.0,2542.0,2562.0,1500
2026-01-30,2562.0,2577.0,2555.0,2555.0,2300
2026-02-02,2556.0,2600.0,2555.0,2583.0,7400
2026-02-03,2583.0,2626.0,2583.0,2589.0,4900
2026-02-04,2589.0,2626.0,2589.0,2619.0,2400
2026-02-05,2569.0,2626.0,2556.0,2606.0,5500
2026-02-06,2606.0,2623.0,2605.0,2605.0,2100
2026-02-09,2646.0,2646.0,2604.0,2626.0,7000
2026-02-10,2676.0,2676.0,2627.0,2668.0,6600
2026-02-12,2677.0,2745.0,2677.0,2743.0,10000
2026-02-13,2744.0,2847.0,2744.0,2847.0,14100
2026-02-16,2875.0,2875.0,2663.0,2687.0,12000
2026-02-17,2654.0,2687.0,2645.0,2673.0,5300
2026-02-18,2680.0,2722.0,2671.0,2720.0,2700
2026-02-19,2700.0,2718.0,2700.0,2707.0,400
2026-02-20,2690.0,2691.0,2672.0,2680.0,2800
2026-02-24,2708.0,2755.0,2708.0,2755.0,4100
2026-02-25,2778.0,2778.0,2729.0,2774.0,3400
2026-02-26,2750.0,2762.0,2703.0,2743.0,4400
2026-02-27,2769.0,2770.0,2743.0,2747.0,3900
2026-03-02,2726.0,2735.0,2720.0,2723.0,6300
2026-03-03,2722.0,2764.0,2700.0,2713.0,2700
2026-03-04,2700.0,2700.0,2612.0,2620.0,8300
2026-03-05,2667.0,2695.0,2660.0,2695.0,1500
2026-03-06,2693.0,2693.0,2635.0,2680.0,1100
2026-03-09,2588.0,2684.0,2588.0,2635.0,4300
2026-03-10,2735.0,2735.0,2650.0,2685.0,2000
2026-03-11,2685.0,2701.0,2658.0,2672.0,2900
2026-03-12,2672.0,2677.0,2620.0,2630.0,3000
2026-03-13,2676.0,2676.0,2630.0,2645.0,1200
2026-03-16,2612.0,2644.0,2611.0,2624.0,3000
2026-03-17,2630.0,2639.0,2624.0,2631.0,1800
2026-03-18,2634.0,2674.0,2630.0,2674.0,1500
2026-03-19,2643.0,2665.0,2640.0,2646.0,1700
2026-03-23,2646.0,2646.0,2612.0,2614.0,3000
2026-03-24,2614.0,2622.0,2613.0,2617.0,5100
2026-03-25,2659.0,2659.0,2620.0,2626.0,3600
2026-03-26,2623.0,2640.0,2623.0,2632.0,1800
2026-03-27,2620.0,2644.0,2615.0,2627.0,6500
2026-03-30,2577.0,2577.0,2505.0,2511.0,6000
2026-03-31,2517.0,2535.0,2500.0,2500.0,1700
2026-04-01,2514.0,2533.0,2466.0,2533.0,2100
2026-04-02,2502.0,2568.0,2502.0,2565.0,2300
2026-04-03,2515.0,2550.0,2515.0,2550.0,400
2026-04-06,2534.0,2534.0,2531.0,2533.0,1000
2026-04-07,2531.0,2541.0,2518.0,2530.0,1700
2026-04-08,2541.0,2554.0,2540.0,2543.0,2200
2026-04-09,2577.0,2577.0,2538.0,2559.0,2400
2026-04-10,2552.0,2552.0,2500.0,2500.0,4200
2026-04-13,2550.0,2550.0,2481.0,2487.0,3700
