date,open,high,low,close,volume
2021-03-05,917.0,938.0,913.0,938.0,152300
2021-03-08,941.0,945.0,928.0,930.0,110000
2021-03-09,938.0,948.0,926.0,944.0,149600
2021-03-10,944.0,944.0,926.0,929.0,127700
2021-03-11,933.0,936.0,930.0,932.0,68300
2021-03-12,930.0,946.0,930.0,944.0,160900
2021-03-15,944.0,967.0,944.0,962.0,183200
2021-03-16,962.0,979.0,956.0,978.0,174500
2021-03-17,977.0,977.0,959.0,965.0,126200
2021-03-18,965.0,982.0,959.0,982.0,183800
2021-03-19,976.0,985.0,972.0,985.0,116900
2021-03-22,985.0,1002.0,978.0,992.0,138300
2021-03-23,991.0,1005.0,983.0,986.0,131700
2021-03-24,980.0,980.0,952.0,956.0,124800
2021-03-25,971.0,985.0,960.0,968.0,141900
2021-03-26,979.0,985.0,974.0,978.0,141800
2021-03-29,980.0,986.0,952.0,970.0,445600
2021-03-30,945.0,954.0,921.0,943.0,236100
2021-03-31,933.0,956.0,933.0,944.0,115900
2021-04-01,945.0,950.0,927.0,934.0,79500
2021-04-02,938.0,942.0,930.0,936.0,44100
2021-04-05,938.0,958.0,938.0,957.0,117600
2021-04-06,946.0,953.0,933.0,935.0,71600
2021-04-07,936.0,945.0,933.0,944.0,43300
2021-04-08,934.0,934.0,913.0,916.0,136500
2021-04-09,924.0,934.0,917.0,926.0,79500
2021-04-12,936.0,961.0,932.0,956.0,142700
2021-04-13,958.0,963.0,952.0,955.0,75300
2021-04-14,956.0,956.0,943.0,948.0,42400
2021-04-15,950.0,979.0,950.0,971.0,181500
2021-04-16,973.0,990.0,960.0,989.0,139900
2021-04-19,993.0,1002.0,986.0,990.0,131000
2021-04-20,1005.0,1028.0,993.0,1010.0,264200
2021-04-21,995.0,995.0,964.0,975.0,142400
2021-04-22,992.0,1044.0,977.0,1041.0,332200
2021-04-23,1025.0,1040.0,1010.0,1016.0,152600
2021-04-26,1036.0,1036.0,1017.0,1021.0,97900
2021-04-27,1033.0,1033.0,1010.0,1010.0,57100
2021-04-28,1010.0,1011.0,994.0,1001.0,78400
2021-04-30,1008.0,1056.0,1008.0,1043.0,237800
2021-05-06,1050.0,1052.0,1024.0,1024.0,87400
2021-05-07,1040.0,1047.0,1027.0,1045.0,71900
2021-05-10,1070.0,1085.0,1054.0,1079.0,140100
2021-05-11,1067.0,1079.0,1056.0,1058.0,113500
2021-05-12,1059.0,1059.0,1021.0,1031.0,125800
2021-05-13,1020.0,1035.0,1007.0,1015.0,87300
2021-05-14,1032.0,1045.0,1032.0,1036.0,57100
2021-05-17,1018.0,1036.0,1006.0,1017.0,83900
2021-05-18,1024.0,1042.0,1016.0,1035.0,79100
2021-05-19,1025.0,1042.0,1019.0,1035.0,52200
2021-05-20,1035.0,1058.0,1035.0,1052.0,76300
2021-05-21,1058.0,1058.0,1040.0,1040.0,35300
2021-05-24,1058.0,1062.0,1044.0,1059.0,49300
2021-05-25,1061.0,1063.0,1045.0,1058.0,55900
2021-05-26,1046.0,1055.0,1042.0,1051.0,50500
2021-05-27,1055.0,1055.0,1033.0,1033.0,53000
2021-05-28,1041.0,1045.0,1025.0,1045.0,107400
2021-05-31,1044.0,1055.0,1036.0,1054.0,85700
2021-06-01,1050.0,1055.0,1038.0,1055.0,57800
2021-06-02,1048.0,1068.0,1048.0,1061.0,61300
2021-06-03,1064.0,1068.0,1053.0,1059.0,47000
2021-06-04,1059.0,1076.0,1050.0,1075.0,84200
2021-06-07,1080.0,1085.0,1069.0,1070.0,52100
2021-06-08,1061.0,1071.0,1058.0,1059.0,33700
2021-06-09,1062.0,1070.0,1055.0,1058.0,25200
2021-06-10,1061.0,1086.0,1049.0,1084.0,79800
2021-06-11,1085.0,1116.0,1084.0,1084.0,160400
2021-06-14,1090.0,1106.0,1089.0,1101.0,49800
2021-06-15,1104.0,1113.0,1086.0,1105.0,94100
2021-06-16,1108.0,1108.0,1094.0,1098.0,44200
2021-06-17,1100.0,1112.0,1099.0,1112.0,35700
2021-06-18,1114.0,1114.0,1088.0,1089.0,51800
2021-06-21,1075.0,1078.0,1058.0,1060.0,63000
2021-06-22,1085.0,1085.0,1069.0,1078.0,46500
2021-06-23,1080.0,1084.0,1070.0,1072.0,36400
2021-06-24,1071.0,1080.0,1067.0,1074.0,36500
2021-06-25,1083.0,1096.0,1076.0,1094.0,40800
2021-06-28,1100.0,1109.0,1089.0,1102.0,64000
2021-06-29,1100.0,1100.0,1073.0,1085.0,47000
2021-06-30,1080.0,1081.0,1060.0,1071.0,77600
2021-07-01,1081.0,1081.0,1056.0,1064.0,63900
2021-07-02,1069.0,1072.0,1061.0,1070.0,13500
2021-07-05,1065.0,1066.0,1057.0,1059.0,22400
2021-07-06,1059.0,1072.0,1053.0,1068.0,27900
2021-07-07,1064.0,1069.0,1056.0,1061.0,24100
2021-07-08,1071.0,1071.0,1045.0,1045.0,45600
2021-07-09,1030.0,1056.0,1027.0,1052.0,78700
2021-07-12,1067.0,1071.0,1059.0,1068.0,30100
2021-07-13,1069.0,1077.0,1060.0,1077.0,26200
2021-07-14,1075.0,1078.0,1064.0,1077.0,56700
2021-07-15,1072.0,1075.0,1053.0,1058.0,31600
2021-07-16,1058.0,1059.0,1050.0,1057.0,17300
2021-07-19,1047.0,1047.0,1032.0,1034.0,41400
2021-07-20,1024.0,1032.0,1013.0,1021.0,45500
2021-07-21,1036.0,1041.0,1026.0,1032.0,35600
2021-07-26,1062.0,1062.0,1046.0,1059.0,60500
2021-07-27,1056.0,1060.0,1050.0,1052.0,21700
2021-07-28,1042.0,1046.0,1038.0,1038.0,13000
2021-07-29,1038.0,1050.0,1033.0,1050.0,33800
2021-07-30,1046.0,1046.0,1022.0,1022.0,28300
2021-08-02,1035.0,1050.0,1032.0,1050.0,25700
2021-08-03,1042.0,1047.0,1033.0,1033.0,12800
2021-08-04,1035.0,1035.0,1025.0,1026.0,14100
2021-08-05,1025.0,1026.0,1008.0,1009.0,38800
2021-08-06,1019.0,1029.0,1009.0,1027.0,17300
2021-08-10,1030.0,1030.0,1015.0,1018.0,18200
2021-08-11,1018.0,1027.0,1014.0,1027.0,38100
2021-08-12,1010.0,1013.0,1000.0,1005.0,61100
2021-08-13,1010.0,1010.0,1000.0,1002.0,30700
2021-08-16,997.0,997.0,987.0,988.0,56700
2021-08-17,995.0,1005.0,990.0,990.0,46300
2021-08-18,991.0,998.0,977.0,992.0,33100
2021-08-19,985.0,997.0,980.0,980.0,29000
2021-08-20,982.0,985.0,973.0,976.0,36300
2021-08-23,982.0,995.0,982.0,986.0,24000
2021-08-24,994.0,1006.0,989.0,1006.0,38500
2021-08-25,1008.0,1013.0,991.0,994.0,42100
2021-08-26,997.0,1005.0,995.0,1002.0,16700
2021-08-27,1004.0,1011.0,998.0,1007.0,23900
2021-08-30,1006.0,1016.0,1006.0,1011.0,19600
2021-08-31,1014.0,1023.0,1009.0,1017.0,20900
2021-09-01,1016.0,1020.0,1014.0,1020.0,14400
2021-09-02,1020.0,1020.0,1011.0,1017.0,16900
2021-09-03,1020.0,1025.0,1014.0,1022.0,28100
2021-09-06,1038.0,1050.0,1024.0,1034.0,40200
2021-09-07,1037.0,1042.0,1024.0,1027.0,33100
2021-09-08,1027.0,1034.0,1023.0,1031.0,37400
2021-09-09,1025.0,1037.0,1022.0,1037.0,24600
2021-09-10,1038.0,1046.0,1034.0,1046.0,40700
2021-09-13,1046.0,1059.0,1046.0,1059.0,51000
2021-09-14,1064.0,1074.0,1056.0,1074.0,42700
2021-09-15,1067.0,1077.0,1055.0,1069.0,56300
2021-09-16,1077.0,1080.0,1056.0,1072.0,35200
2021-09-17,1070.0,1076.0,1063.0,1069.0,38300
2021-09-21,1040.0,1059.0,1039.0,1051.0,31300
2021-09-22,1050.0,1054.0,1043.0,1045.0,31100
2021-09-24,1062.0,1068.0,1060.0,1065.0,37700
2021-09-27,1072.0,1075.0,1067.0,1072.0,43300
2021-09-28,1073.0,1074.0,1054.0,1074.0,28800
2021-09-29,1058.0,1058.0,1040.0,1052.0,37400
2021-09-30,1052.0,1052.0,1040.0,1040.0,19800
2021-10-01,1033.0,1037.0,1020.0,1022.0,32700
2021-10-04,1031.0,1032.0,1005.0,1010.0,39800
2021-10-05,1000.0,1020.0,997.0,1008.0,42900
2021-10-06,1013.0,1027.0,1006.0,1006.0,30200
2021-10-07,1008.0,1010.0,994.0,995.0,32000
2021-10-08,1007.0,1011.0,1003.0,1006.0,19900
2021-10-11,1009.0,1017.0,1001.0,1017.0,23200
2021-10-12,1024.0,1026.0,1013.0,1016.0,24500
2021-10-13,1012.0,1015.0,1005.0,1008.0,20300
2021-10-14,1005.0,1008.0,1000.0,1005.0,14000
2021-10-15,1003.0,1025.0,1003.0,1025.0,16700
2021-10-18,1030.0,1034.0,1023.0,1031.0,14000
2021-10-19,1031.0,1031.0,1014.0,1018.0,14400
2021-10-20,1018.0,1026.0,1013.0,1018.0,20700
2021-10-21,1018.0,1018.0,1006.0,1006.0,13000
2021-10-22,1006.0,1022.0,1004.0,1010.0,50600
2021-10-25,1010.0,1014.0,1007.0,1012.0,16100
2021-10-26,1016.0,1018.0,1012.0,1014.0,9700
2021-10-27,1008.0,1010.0,1004.0,1006.0,13600
2021-10-28,1003.0,1007.0,1001.0,1005.0,27000
2021-10-29,1005.0,1006.0,995.0,1002.0,38400
2021-11-01,1004.0,1021.0,1004.0,1021.0,27900
2021-11-02,1017.0,1024.0,1015.0,1017.0,13000
2021-11-04,1022.0,1034.0,1022.0,1034.0,15400
2021-11-05,1030.0,1030.0,1012.0,1015.0,13900
2021-11-08,1018.0,1018.0,1006.0,1010.0,20700
2021-11-09,1013.0,1013.0,999.0,999.0,22100
2021-11-10,1007.0,1013.0,999.0,1001.0,30800
2021-11-11,999.0,1001.0,992.0,994.0,28100
2021-11-12,995.0,1012.0,995.0,1012.0,20400
2021-11-15,1015.0,1028.0,1012.0,1027.0,31900
2021-11-16,1028.0,1030.0,1021.0,1023.0,23200
2021-11-17,1023.0,1023.0,1003.0,1003.0,21200
2021-11-18,1012.0,1012.0,1000.0,1006.0,19900
2021-11-19,1011.0,1039.0,1011.0,1039.0,51000
2021-11-22,1040.0,1040.0,1018.0,1023.0,26100
2021-11-24,1010.0,1023.0,1002.0,1006.0,35300
2021-11-25,1012.0,1025.0,1010.0,1025.0,30600
2021-11-26,1017.0,1017.0,998.0,1009.0,49500
2021-11-29,995.0,1002.0,982.0,983.0,67000
2021-11-30,995.0,1005.0,969.0,969.0,55100
2021-12-01,971.0,984.0,965.0,973.0,37100
2021-12-02,970.0,976.0,953.0,956.0,71100
2021-12-03,971.0,982.0,958.0,982.0,35600
2021-12-06,985.0,988.0,976.0,980.0,49100
2021-12-07,989.0,1010.0,984.0,1010.0,51400
2021-12-08,1016.0,1024.0,999.0,1024.0,53700
2021-12-09,1024.0,1029.0,1015.0,1029.0,28300
2021-12-10,1028.0,1028.0,998.0,1003.0,51000
2021-12-13,1012.0,1012.0,995.0,998.0,29000
2021-12-14,1000.0,1008.0,989.0,996.0,40300
2021-12-15,996.0,1002.0,991.0,991.0,21000
2021-12-16,1003.0,1010.0,998.0,1009.0,28900
2021-12-17,1005.0,1010.0,998.0,1003.0,19900
2021-12-20,996.0,996.0,970.0,970.0,84100
2021-12-21,984.0,984.0,970.0,972.0,40400
2021-12-22,973.0,979.0,968.0,974.0,31000
2021-12-23,980.0,984.0,976.0,983.0,19500
2021-12-24,989.0,989.0,981.0,985.0,34400
2021-12-27,987.0,987.0,977.0,982.0,53500
2021-12-28,990.0,993.0,982.0,993.0,33400
2021-12-29,986.0,998.0,984.0,998.0,46300
2021-12-30,997.0,1005.0,991.0,1000.0,106800
2022-01-04,1002.0,1015.0,996.0,1015.0,53400
2022-01-05,1020.0,1023.0,1013.0,1021.0,27700
2022-01-06,1011.0,1014.0,998.0,998.0,33100
2022-01-07,1007.0,1025.0,1005.0,1014.0,203400
2022-01-11,1010.0,1018.0,1003.0,1014.0,34500
2022-01-12,1014.0,1022.0,1010.0,1013.0,24700
2022-01-13,1010.0,1015.0,1003.0,1003.0,20400
2022-01-14,999.0,1005.0,994.0,1000.0,82900
2022-01-17,1002.0,1009.0,993.0,993.0,64700
2022-01-18,1002.0,1002.0,988.0,993.0,37400
2022-01-19,985.0,994.0,977.0,977.0,61100
2022-01-20,979.0,1005.0,975.0,975.0,98600
2022-01-21,972.0,994.0,966.0,994.0,99900
2022-01-24,990.0,1007.0,984.0,1001.0,50100
2022-01-25,1008.0,1026.0,996.0,1006.0,116500
2022-01-26,1003.0,1006.0,982.0,987.0,57000
2022-01-27,990.0,1012.0,982.0,983.0,89300
2022-01-28,997.0,1002.0,987.0,993.0,51800
2022-01-31,1003.0,1010.0,997.0,1007.0,37700
2022-02-01,1015.0,1017.0,996.0,1000.0,25300
2022-02-02,1010.0,1023.0,1004.0,1021.0,40300
2022-02-03,1019.0,1027.0,1010.0,1010.0,29100
2022-02-04,1000.0,1021.0,1000.0,1017.0,36800
2022-02-07,1023.0,1025.0,1013.0,1017.0,43000
2022-02-08,1013.0,1020.0,1013.0,1016.0,29800
2022-02-09,1021.0,1026.0,1010.0,1025.0,48300
2022-02-10,1030.0,1030.0,1016.0,1023.0,38700
2022-02-14,1050.0,1063.0,1033.0,1035.0,126000
2022-02-15,1037.0,1042.0,1026.0,1041.0,85900
2022-02-16,1039.0,1043.0,1016.0,1027.0,69600
2022-02-17,1029.0,1047.0,1023.0,1043.0,54700
2022-02-18,1046.0,1050.0,1026.0,1037.0,98900
2022-02-21,1040.0,1055.0,1034.0,1046.0,89200
2022-02-22,1048.0,1056.0,1042.0,1052.0,79000
2022-02-24,1069.0,1099.0,1057.0,1099.0,193800
2022-02-25,1076.0,1076.0,1025.0,1031.0,231500
2022-02-28,1033.0,1058.0,1030.0,1058.0,122600
2022-03-01,1078.0,1085.0,1065.0,1081.0,101800
2022-03-02,1085.0,1089.0,1071.0,1074.0,78000
2022-03-03,1070.0,1080.0,1056.0,1072.0,67800
2022-03-04,1072.0,1118.0,1066.0,1093.0,206600
2022-03-07,1107.0,1118.0,1074.0,1096.0,148800
2022-03-08,1096.0,1096.0,1043.0,1058.0,129200
2022-03-09,1066.0,1079.0,1050.0,1051.0,123700
2022-03-10,1080.0,1089.0,1063.0,1087.0,101000
2022-03-11,1085.0,1140.0,1080.0,1137.0,169100
2022-03-14,1167.0,1199.0,1150.0,1174.0,152400
2022-03-15,1185.0,1214.0,1170.0,1176.0,192200
2022-03-16,1175.0,1197.0,1160.0,1163.0,104800
2022-03-17,1165.0,1178.0,1142.0,1165.0,78700
2022-03-18,1163.0,1168.0,1149.0,1157.0,41200
2022-03-22,1180.0,1205.0,1174.0,1204.0,73800
2022-03-23,1218.0,1220.0,1186.0,1191.0,105800
2022-03-24,1185.0,1198.0,1182.0,1198.0,67600
2022-03-25,1200.0,1220.0,1195.0,1203.0,85600
2022-03-28,1215.0,1291.0,1185.0,1270.0,256400
2022-03-29,1270.0,1291.0,1234.0,1247.0,348700
2022-03-30,1198.0,1211.0,1165.0,1182.0,195500
2022-03-31,1176.0,1200.0,1171.0,1187.0,77400
2022-04-01,1179.0,1213.0,1176.0,1200.0,90800
2022-04-04,1200.0,1200.0,1173.0,1175.0,44200
2022-04-05,1175.0,1183.0,1152.0,1152.0,60200
2022-04-06,1150.0,1150.0,1103.0,1123.0,86900
2022-04-07,1123.0,1151.0,1119.0,1140.0,89700
2022-04-08,1156.0,1158.0,1135.0,1142.0,43700
2022-04-11,1145.0,1156.0,1137.0,1142.0,58000
2022-04-12,1135.0,1138.0,1127.0,1138.0,40200
2022-04-13,1131.0,1147.0,1131.0,1146.0,44400
2022-04-14,1149.0,1168.0,1149.0,1162.0,35300
2022-04-15,1162.0,1163.0,1146.0,1150.0,41100
2022-04-18,1161.0,1192.0,1155.0,1179.0,84500
2022-04-19,1190.0,1212.0,1190.0,1204.0,45300
2022-04-20,1204.0,1217.0,1191.0,1193.0,47600
2022-04-21,1194.0,1194.0,1168.0,1177.0,62700
2022-04-22,1172.0,1172.0,1156.0,1172.0,44800
2022-04-25,1164.0,1164.0,1130.0,1137.0,62500
2022-04-26,1122.0,1124.0,1104.0,1108.0,62400
2022-04-27,1100.0,1138.0,1092.0,1128.0,104700
2022-04-28,1128.0,1131.0,1106.0,1131.0,42900
2022-05-02,1131.0,1149.0,1127.0,1143.0,33600
2022-05-06,1158.0,1180.0,1158.0,1177.0,72900
2022-05-09,1180.0,1196.0,1174.0,1185.0,61600
2022-05-10,1173.0,1173.0,1126.0,1137.0,65100
2022-05-11,1136.0,1139.0,1122.0,1122.0,38700
2022-05-12,1121.0,1129.0,1113.0,1116.0,40200
2022-05-13,1110.0,1139.0,1108.0,1130.0,45100
2022-05-16,1138.0,1141.0,1080.0,1090.0,119900
2022-05-17,1095.0,1105.0,1083.0,1092.0,50200
2022-05-18,1095.0,1097.0,1086.0,1094.0,41200
2022-05-19,1077.0,1103.0,1056.0,1097.0,48200
2022-05-20,1097.0,1125.0,1093.0,1121.0,60900
2022-05-23,1138.0,1160.0,1129.0,1151.0,98200
2022-05-24,1175.0,1269.0,1162.0,1236.0,810400
2022-05-25,1233.0,1318.0,1225.0,1316.0,972500
2022-05-26,1340.0,1350.0,1281.0,1287.0,847700
2022-05-27,1278.0,1344.0,1264.0,1318.0,505000
2022-05-30,1345.0,1348.0,1314.0,1347.0,308800
2022-05-31,1344.0,1360.0,1311.0,1314.0,265800
2022-06-01,1320.0,1348.0,1312.0,1340.0,150500
2022-06-02,1330.0,1369.0,1317.0,1355.0,226000
2022-06-03,1366.0,1367.0,1328.0,1335.0,133400
2022-06-06,1348.0,1483.0,1333.0,1474.0,623200
2022-06-07,1524.0,1599.0,1492.0,1531.0,1201300
2022-06-08,1561.0,1612.0,1541.0,1598.0,896100
2022-06-09,1593.0,1593.0,1526.0,1546.0,539300
2022-06-10,1522.0,1529.0,1474.0,1495.0,386400
2022-06-13,1458.0,1509.0,1450.0,1469.0,242600
2022-06-14,1441.0,1477.0,1431.0,1458.0,203800
2022-06-15,1458.0,1482.0,1384.0,1384.0,288800
2022-06-16,1414.0,1434.0,1370.0,1382.0,236000
2022-06-17,1341.0,1356.0,1333.0,1344.0,188400
2022-06-20,1337.0,1346.0,1279.0,1298.0,208900
2022-06-21,1298.0,1347.0,1296.0,1333.0,150400
2022-06-22,1359.0,1359.0,1301.0,1309.0,136000
2022-06-23,1290.0,1298.0,1258.0,1260.0,206700
2022-06-24,1255.0,1270.0,1242.0,1264.0,161800
2022-06-27,1294.0,1295.0,1266.0,1291.0,124500
2022-06-28,1285.0,1313.0,1275.0,1308.0,136900
2022-06-29,1300.0,1310.0,1280.0,1300.0,153700
2022-06-30,1299.0,1300.0,1260.0,1272.0,136000
2022-07-01,1298.0,1309.0,1275.0,1290.0,184900
2022-07-04,1290.0,1290.0,1263.0,1284.0,82300
2022-07-05,1282.0,1296.0,1275.0,1289.0,59400
2022-07-06,1267.0,1274.0,1232.0,1240.0,139800
2022-07-07,1255.0,1262.0,1227.0,1255.0,75000
2022-07-08,1254.0,1316.0,1250.0,1295.0,207200
2022-07-11,1329.0,1337.0,1303.0,1308.0,123400
2022-07-12,1303.0,1303.0,1258.0,1260.0,67900
2022-07-13,1266.0,1277.0,1257.0,1277.0,60700
2022-07-14,1267.0,1278.0,1263.0,1275.0,39900
2022-07-15,1270.0,1270.0,1251.0,1258.0,42600
2022-07-19,1266.0,1284.0,1263.0,1277.0,40100
2022-07-20,1292.0,1293.0,1270.0,1280.0,63600
2022-07-21,1283.0,1294.0,1283.0,1292.0,43100
2022-07-22,1290.0,1294.0,1272.0,1285.0,80200
2022-07-25,1315.0,1330.0,1294.0,1315.0,141100
2022-07-26,1314.0,1334.0,1314.0,1319.0,103100
2022-07-27,1314.0,1324.0,1293.0,1324.0,55500
2022-07-28,1326.0,1333.0,1303.0,1333.0,76400
2022-07-29,1338.0,1346.0,1324.0,1345.0,78800
2022-08-01,1370.0,1401.0,1367.0,1387.0,190900
2022-08-02,1400.0,1406.0,1362.0,1364.0,170600
2022-08-03,1366.0,1386.0,1358.0,1383.0,93600
2022-08-04,1392.0,1392.0,1347.0,1371.0,87600
2022-08-05,1390.0,1421.0,1367.0,1407.0,232600
2022-08-08,1409.0,1433.0,1404.0,1433.0,136200
2022-08-09,1418.0,1428.0,1385.0,1398.0,186500
2022-08-10,1407.0,1407.0,1380.0,1403.0,98100
2022-08-12,1420.0,1426.0,1392.0,1396.0,111100
2022-08-15,1369.0,1369.0,1268.0,1291.0,572700
2022-08-16,1290.0,1294.0,1260.0,1281.0,309200
2022-08-17,1288.0,1290.0,1267.0,1279.0,243400
2022-08-18,1275.0,1276.0,1253.0,1263.0,183600
2022-08-19,1263.0,1276.0,1261.0,1264.0,153200
2022-08-22,1265.0,1321.0,1262.0,1310.0,276400
2022-08-23,1300.0,1318.0,1286.0,1293.0,164100
2022-08-24,1309.0,1342.0,1299.0,1342.0,215700
2022-08-25,1335.0,1342.0,1319.0,1323.0,145300
2022-08-26,1326.0,1326.0,1299.0,1306.0,129100
2022-08-29,1280.0,1287.0,1276.0,1285.0,92900
2022-08-30,1292.0,1306.0,1290.0,1303.0,55300
2022-08-31,1278.0,1297.0,1278.0,1297.0,76400
2022-09-01,1288.0,1292.0,1278.0,1281.0,84800
2022-09-02,1288.0,1294.0,1251.0,1262.0,92400
2022-09-05,1259.0,1275.0,1251.0,1271.0,66500
2022-09-06,1260.0,1278.0,1257.0,1273.0,62700
2022-09-07,1270.0,1270.0,1245.0,1261.0,66200
2022-09-08,1279.0,1279.0,1259.0,1261.0,77800
2022-09-09,1260.0,1278.0,1260.0,1274.0,71500
2022-09-12,1279.0,1287.0,1270.0,1273.0,50200
2022-09-13,1275.0,1275.0,1260.0,1264.0,40300
2022-09-14,1246.0,1250.0,1231.0,1235.0,95900
2022-09-15,1235.0,1235.0,1216.0,1219.0,68400
2022-09-16,1214.0,1224.0,1203.0,1224.0,131000
2022-09-20,1230.0,1244.0,1222.0,1233.0,72000
2022-09-21,1233.0,1265.0,1220.0,1253.0,92400
2022-09-22,1243.0,1264.0,1236.0,1264.0,92400
2022-09-26,1268.0,1268.0,1211.0,1216.0,106400
2022-09-27,1223.0,1229.0,1210.0,1218.0,51600
2022-09-28,1206.0,1206.0,1167.0,1191.0,90200
2022-09-29,1199.0,1221.0,1197.0,1218.0,65800
2022-09-30,1200.0,1227.0,1196.0,1210.0,92300
2022-10-03,1220.0,1246.0,1220.0,1243.0,96300
2022-10-04,1285.0,1295.0,1255.0,1266.0,169600
2022-10-05,1282.0,1282.0,1254.0,1254.0,67000
2022-10-06,1261.0,1285.0,1260.0,1270.0,56200
2022-10-07,1270.0,1273.0,1259.0,1268.0,38100
2022-10-11,1268.0,1268.0,1246.0,1246.0,49900
2022-10-12,1241.0,1252.0,1230.0,1248.0,33000
2022-10-13,1241.0,1246.0,1223.0,1223.0,35800
2022-10-14,1253.0,1254.0,1231.0,1247.0,51900
2022-10-17,1242.0,1251.0,1242.0,1245.0,31200
2022-10-18,1249.0,1280.0,1247.0,1276.0,87000
2022-10-19,1277.0,1297.0,1256.0,1288.0,88300
2022-10-20,1275.0,1280.0,1265.0,1274.0,57600
2022-10-21,1255.0,1261.0,1244.0,1248.0,46900
2022-10-24,1265.0,1277.0,1261.0,1273.0,48000
2022-10-25,1271.0,1288.0,1270.0,1279.0,43800
2022-10-26,1285.0,1285.0,1260.0,1260.0,42900
2022-10-27,1260.0,1270.0,1247.0,1264.0,39600
2022-10-28,1264.0,1284.0,1259.0,1272.0,117800
2022-10-31,1284.0,1285.0,1271.0,1280.0,30200
2022-11-01,1280.0,1285.0,1274.0,1280.0,27200
2022-11-02,1273.0,1291.0,1270.0,1278.0,45800
2022-11-04,1276.0,1304.0,1276.0,1292.0,91200
2022-11-07,1303.0,1308.0,1286.0,1288.0,46200
2022-11-08,1293.0,1302.0,1289.0,1295.0,47200
2022-11-09,1295.0,1298.0,1277.0,1294.0,56300
2022-11-10,1285.0,1301.0,1282.0,1289.0,48900
2022-11-11,1297.0,1298.0,1252.0,1252.0,113600
2022-11-14,1162.0,1176.0,1135.0,1137.0,294500
2022-11-15,1139.0,1151.0,1123.0,1127.0,146100
2022-11-16,1143.0,1157.0,1135.0,1142.0,89200
2022-11-17,1135.0,1154.0,1135.0,1143.0,62200
2022-11-18,1143.0,1147.0,1131.0,1136.0,98100
2022-11-21,1145.0,1168.0,1137.0,1164.0,78400
2022-11-22,1170.0,1177.0,1161.0,1162.0,66500
2022-11-24,1173.0,1194.0,1172.0,1183.0,91400
2022-11-25,1195.0,1197.0,1182.0,1188.0,53900
2022-11-28,1197.0,1208.0,1194.0,1195.0,67100
2022-11-29,1193.0,1196.0,1174.0,1177.0,67500
2022-11-30,1177.0,1183.0,1165.0,1177.0,59300
2022-12-01,1180.0,1209.0,1174.0,1197.0,134000
2022-12-02,1175.0,1182.0,1165.0,1177.0,89500
2022-12-05,1177.0,1177.0,1149.0,1163.0,99500
2022-12-06,1161.0,1179.0,1154.0,1174.0,61700
2022-12-07,1162.0,1170.0,1159.0,1160.0,93900
2022-12-08,1160.0,1171.0,1153.0,1169.0,70400
2022-12-09,1165.0,1228.0,1165.0,1217.0,183700
2022-12-12,1225.0,1334.0,1223.0,1328.0,649000
2022-12-13,1340.0,1355.0,1283.0,1290.0,393600
2022-12-14,1296.0,1308.0,1258.0,1278.0,167400
2022-12-15,1256.0,1318.0,1248.0,1315.0,184500
2022-12-16,1301.0,1308.0,1272.0,1275.0,187200
2022-12-19,1270.0,1312.0,1269.0,1285.0,143800
2022-12-20,1295.0,1400.0,1290.0,1322.0,751700
2022-12-21,1320.0,1320.0,1276.0,1282.0,178800
2022-12-22,1299.0,1304.0,1263.0,1285.0,123400
2022-12-23,1273.0,1297.0,1260.0,1279.0,107200
2022-12-26,1280.0,1315.0,1280.0,1309.0,92300
2022-12-27,1314.0,1320.0,1293.0,1310.0,85500
2022-12-28,1309.0,1325.0,1297.0,1314.0,124100
2022-12-29,1300.0,1324.0,1292.0,1316.0,79400
2022-12-30,1324.0,1362.0,1319.0,1341.0,247100
2023-01-04,1318.0,1321.0,1263.0,1263.0,208800
2023-01-05,1268.0,1276.0,1226.0,1226.0,162900
2023-01-06,1226.0,1246.0,1219.0,1241.0,196000
2023-01-10,1257.0,1281.0,1252.0,1257.0,123400
2023-01-11,1265.0,1273.0,1246.0,1249.0,74700
2023-01-12,1245.0,1245.0,1232.0,1236.0,67300
2023-01-13,1243.0,1260.0,1240.0,1240.0,193000
2023-01-16,1235.0,1257.0,1216.0,1216.0,126200
2023-01-17,1210.0,1223.0,1205.0,1218.0,97000
2023-01-18,1211.0,1229.0,1203.0,1226.0,75900
2023-01-19,1246.0,1313.0,1244.0,1305.0,291500
2023-01-20,1298.0,1320.0,1282.0,1288.0,214800
2023-01-23,1296.0,1319.0,1287.0,1312.0,95900
2023-01-24,1320.0,1320.0,1294.0,1300.0,91500
2023-01-25,1295.0,1311.0,1292.0,1311.0,58300
2023-01-26,1312.0,1312.0,1294.0,1298.0,39800
2023-01-27,1302.0,1302.0,1282.0,1291.0,113600
2023-01-30,1291.0,1323.0,1285.0,1291.0,103600
2023-01-31,1291.0,1306.0,1287.0,1305.0,48100
2023-02-01,1310.0,1310.0,1287.0,1293.0,55500
2023-02-02,1293.0,1298.0,1267.0,1268.0,60300
2023-02-03,1266.0,1273.0,1258.0,1262.0,53800
2023-02-06,1270.0,1284.0,1268.0,1284.0,35700
2023-02-07,1280.0,1281.0,1270.0,1277.0,35500
2023-02-08,1277.0,1282.0,1270.0,1280.0,34400
2023-02-09,1272.0,1290.0,1270.0,1289.0,39700
2023-02-10,1274.0,1275.0,1250.0,1255.0,91500
2023-02-13,1265.0,1266.0,1237.0,1263.0,74500
2023-02-14,1265.0,1283.0,1265.0,1271.0,43000
2023-02-15,1273.0,1275.0,1253.0,1269.0,91800
2023-02-16,1270.0,1276.0,1258.0,1264.0,60000
2023-02-17,1250.0,1273.0,1248.0,1269.0,47900
2023-02-20,1275.0,1299.0,1275.0,1297.0,107700
2023-02-21,1291.0,1314.0,1291.0,1296.0,78900
2023-02-22,1284.0,1296.0,1276.0,1285.0,57100
2023-02-24,1296.0,1307.0,1292.0,1301.0,77200
2023-02-27,1282.0,1307.0,1282.0,1296.0,55300
2023-02-28,1298.0,1312.0,1294.0,1294.0,64000
2023-03-01,1291.0,1304.0,1290.0,1299.0,45700
2023-03-02,1306.0,1310.0,1298.0,1303.0,41300
2023-03-03,1303.0,1309.0,1299.0,1300.0,46300
2023-03-06,1307.0,1312.0,1303.0,1310.0,59100
2023-03-07,1310.0,1322.0,1304.0,1316.0,85700
2023-03-08,1310.0,1318.0,1301.0,1310.0,40700
2023-03-09,1313.0,1328.0,1310.0,1318.0,109800
2023-03-10,1304.0,1312.0,1299.0,1306.0,66900
2023-03-13,1289.0,1289.0,1262.0,1271.0,83400
2023-03-14,1261.0,1261.0,1218.0,1230.0,86700
2023-03-15,1244.0,1255.0,1240.0,1244.0,50300
2023-03-16,1224.0,1245.0,1210.0,1213.0,58400
2023-03-17,1220.0,1232.0,1212.0,1220.0,48800
2023-03-20,1220.0,1221.0,1190.0,1194.0,77700
2023-03-22,1207.0,1221.0,1207.0,1218.0,32300
2023-03-23,1203.0,1224.0,1200.0,1224.0,25000
2023-03-24,1214.0,1223.0,1204.0,1223.0,51100
2023-03-27,1223.0,1229.0,1211.0,1229.0,128200
2023-03-28,1229.0,1235.0,1206.0,1209.0,117800
2023-03-29,1217.0,1221.0,1198.0,1220.0,271400
2023-03-30,1191.0,1216.0,1191.0,1208.0,134900
2023-03-31,1217.0,1229.0,1210.0,1215.0,60400
2023-04-03,1224.0,1249.0,1220.0,1249.0,67400
2023-04-04,1248.0,1249.0,1234.0,1242.0,47100
2023-04-05,1225.0,1228.0,1206.0,1209.0,50000
2023-04-06,1199.0,1206.0,1190.0,1199.0,61400
2023-04-07,1203.0,1211.0,1199.0,1210.0,43400
2023-04-10,1216.0,1223.0,1207.0,1214.0,38100
2023-04-11,1223.0,1224.0,1207.0,1216.0,34000
2023-04-12,1216.0,1218.0,1207.0,1210.0,33100
2023-04-13,1210.0,1211.0,1202.0,1211.0,34500
2023-04-14,1212.0,1226.0,1205.0,1220.0,62700
2023-04-17,1232.0,1232.0,1207.0,1211.0,36900
2023-04-18,1208.0,1214.0,1207.0,1208.0,30600
2023-04-19,1208.0,1218.0,1208.0,1218.0,21000
2023-04-20,1210.0,1215.0,1210.0,1213.0,16300
2023-04-21,1211.0,1220.0,1207.0,1214.0,24100
2023-04-24,1220.0,1223.0,1211.0,1218.0,27400
2023-04-25,1222.0,1225.0,1210.0,1210.0,43000
2023-04-26,1206.0,1206.0,1194.0,1198.0,48800
2023-04-27,1198.0,1200.0,1183.0,1187.0,56000
2023-04-28,1191.0,1206.0,1191.0,1206.0,52000
2023-05-01,1215.0,1239.0,1215.0,1233.0,66200
2023-05-02,1227.0,1231.0,1213.0,1226.0,45300
2023-05-08,1216.0,1236.0,1216.0,1236.0,31500
2023-05-09,1237.0,1244.0,1234.0,1242.0,41000
2023-05-10,1245.0,1247.0,1235.0,1236.0,30800
2023-05-11,1238.0,1242.0,1232.0,1235.0,29500
2023-05-12,1241.0,1241.0,1227.0,1230.0,44100
2023-05-15,1235.0,1252.0,1235.0,1241.0,78500
2023-05-16,1244.0,1250.0,1236.0,1241.0,41000
2023-05-17,1236.0,1256.0,1235.0,1249.0,54700
2023-05-18,1251.0,1273.0,1251.0,1273.0,65100
2023-05-19,1273.0,1284.0,1265.0,1271.0,64400
2023-05-22,1270.0,1284.0,1266.0,1284.0,67000
2023-05-23,1287.0,1290.0,1260.0,1266.0,65900
2023-05-24,1264.0,1279.0,1259.0,1279.0,48000
2023-05-25,1276.0,1285.0,1269.0,1275.0,36800
2023-05-26,1275.0,1277.0,1248.0,1252.0,40200
2023-05-29,1260.0,1270.0,1255.0,1255.0,24700
2023-05-30,1253.0,1253.0,1237.0,1248.0,28600
2023-05-31,1238.0,1238.0,1215.0,1215.0,46300
2023-06-01,1214.0,1231.0,1209.0,1214.0,39000
2023-06-02,1215.0,1238.0,1215.0,1232.0,37400
2023-06-05,1248.0,1259.0,1246.0,1253.0,56700
2023-06-06,1242.0,1253.0,1242.0,1251.0,34100
2023-06-07,1258.0,1270.0,1251.0,1258.0,65000
2023-06-08,1268.0,1277.0,1260.0,1260.0,46500
2023-06-09,1274.0,1274.0,1258.0,1261.0,60000
2023-06-12,1265.0,1284.0,1230.0,1271.0,101000
2023-06-13,1284.0,1289.0,1274.0,1283.0,58100
2023-06-14,1284.0,1297.0,1283.0,1291.0,69200
2023-06-15,1292.0,1307.0,1289.0,1299.0,51900
2023-06-16,1301.0,1310.0,1289.0,1303.0,71200
2023-06-19,1317.0,1334.0,1310.0,1326.0,110700
2023-06-20,1325.0,1325.0,1293.0,1298.0,70100
2023-06-21,1291.0,1320.0,1290.0,1312.0,62500
2023-06-22,1315.0,1320.0,1301.0,1303.0,37900
2023-06-23,1304.0,1308.0,1275.0,1286.0,52900
2023-06-26,1281.0,1299.0,1275.0,1289.0,45300
2023-06-27,1287.0,1287.0,1263.0,1270.0,40000
2023-06-28,1280.0,1292.0,1273.0,1292.0,29800
2023-06-29,1299.0,1300.0,1284.0,1296.0,45100
2023-06-30,1300.0,1313.0,1287.0,1310.0,68600
2023-07-03,1325.0,1346.0,1321.0,1333.0,125700
2023-07-04,1331.0,1331.0,1308.0,1313.0,37900
2023-07-05,1305.0,1308.0,1294.0,1308.0,37200
2023-07-06,1300.0,1310.0,1293.0,1297.0,28100
2023-07-07,1284.0,1299.0,1276.0,1285.0,44900
2023-07-10,1286.0,1309.0,1286.0,1301.0,33300
2023-07-11,1301.0,1311.0,1295.0,1302.0,30900
2023-07-12,1299.0,1328.0,1288.0,1297.0,63300
2023-07-13,1297.0,1297.0,1280.0,1294.0,33100
2023-07-14,1290.0,1293.0,1269.0,1273.0,32000
2023-07-18,1279.0,1308.0,1279.0,1308.0,40600
2023-07-19,1308.0,1319.0,1304.0,1319.0,34200
2023-07-20,1309.0,1318.0,1290.0,1296.0,35500
2023-07-21,1294.0,1299.0,1287.0,1293.0,24800
2023-07-24,1303.0,1322.0,1293.0,1321.0,83600
2023-07-25,1330.0,1330.0,1306.0,1311.0,51100
2023-07-26,1313.0,1313.0,1297.0,1305.0,10100
2023-07-27,1300.0,1308.0,1293.0,1306.0,19800
2023-07-28,1296.0,1301.0,1284.0,1299.0,30700
2023-07-31,1307.0,1311.0,1296.0,1302.0,37500
2023-08-01,1304.0,1324.0,1304.0,1315.0,35100
2023-08-02,1305.0,1310.0,1296.0,1301.0,35000
2023-08-03,1295.0,1295.0,1282.0,1283.0,39900
2023-08-04,1283.0,1299.0,1277.0,1295.0,34100
2023-08-07,1295.0,1353.0,1285.0,1349.0,125100
2023-08-08,1339.0,1380.0,1333.0,1375.0,156300
2023-08-09,1379.0,1380.0,1341.0,1374.0,77600
2023-08-10,1375.0,1395.0,1371.0,1395.0,162500
2023-08-14,1380.0,1389.0,1300.0,1316.0,220100
2023-08-15,1376.0,1433.0,1373.0,1409.0,397600
2023-08-16,1390.0,1465.0,1383.0,1464.0,216800
2023-08-17,1459.0,1459.0,1414.0,1450.0,179000
2023-08-18,1430.0,1437.0,1405.0,1421.0,87600
2023-08-21,1440.0,1443.0,1427.0,1431.0,51000
2023-08-22,1432.0,1433.0,1411.0,1420.0,55100
2023-08-23,1410.0,1439.0,1397.0,1437.0,52400
2023-08-24,1441.0,1441.0,1416.0,1419.0,41900
2023-08-25,1407.0,1420.0,1400.0,1412.0,36800
2023-08-28,1422.0,1449.0,1421.0,1444.0,43700
2023-08-29,1450.0,1465.0,1449.0,1459.0,73600
2023-08-30,1459.0,1474.0,1439.0,1443.0,83100
2023-08-31,1441.0,1465.0,1441.0,1459.0,65600
2023-09-01,1460.0,1528.0,1449.0,1523.0,256700
2023-09-04,1511.0,1550.0,1504.0,1540.0,101800
2023-09-05,1541.0,1546.0,1519.0,1546.0,61600
2023-09-06,1540.0,1569.0,1521.0,1559.0,133900
2023-09-07,1550.0,1569.0,1516.0,1526.0,110600
2023-09-08,1518.0,1535.0,1508.0,1513.0,60000
2023-09-11,1518.0,1530.0,1497.0,1517.0,53700
2023-09-12,1529.0,1541.0,1503.0,1512.0,43500
2023-09-13,1500.0,1504.0,1471.0,1485.0,94900
2023-09-14,1485.0,1532.0,1485.0,1519.0,119100
2023-09-15,1544.0,1544.0,1503.0,1511.0,78300
2023-09-19,1502.0,1538.0,1487.0,1537.0,89100
2023-09-20,1535.0,1535.0,1500.0,1501.0,65400
2023-09-21,1500.0,1505.0,1479.0,1483.0,62100
2023-09-22,1470.0,1486.0,1460.0,1475.0,61200
2023-09-25,1479.0,1501.0,1475.0,1497.0,49000
2023-09-26,1500.0,1500.0,1478.0,1488.0,46300
2023-09-27,1480.0,1496.0,1468.0,1495.0,71400
2023-09-28,1481.0,1512.0,1476.0,1489.0,52500
2023-09-29,1490.0,1497.0,1452.0,1465.0,48000
2023-10-02,1464.0,1486.0,1437.0,1440.0,66200
2023-10-03,1430.0,1440.0,1416.0,1420.0,69300
2023-10-04,1400.0,1410.0,1360.0,1366.0,90800
2023-10-05,1386.0,1395.0,1370.0,1394.0,59300
2023-10-06,1395.0,1423.0,1391.0,1411.0,48700
2023-10-10,1445.0,1451.0,1434.0,1449.0,55900
2023-10-11,1450.0,1466.0,1444.0,1452.0,49100
2023-10-12,1452.0,1461.0,1437.0,1461.0,49600
2023-10-13,1465.0,1534.0,1465.0,1486.0,211200
2023-10-16,1477.0,1512.0,1468.0,1509.0,102700
2023-10-17,1518.0,1547.0,1505.0,1513.0,123600
2023-10-18,1510.0,1531.0,1505.0,1531.0,49400
2023-10-19,1510.0,1541.0,1484.0,1487.0,67100
2023-10-20,1470.0,1481.0,1440.0,1474.0,53400
2023-10-23,1470.0,1471.0,1427.0,1434.0,68000
2023-10-24,1423.0,1445.0,1392.0,1438.0,92900
2023-10-25,1450.0,1469.0,1450.0,1451.0,43900
2023-10-26,1450.0,1450.0,1412.0,1417.0,38700
2023-10-27,1416.0,1457.0,1416.0,1456.0,42100
2023-10-30,1441.0,1460.0,1424.0,1430.0,34800
2023-10-31,1425.0,1476.0,1421.0,1473.0,65100
2023-11-01,1493.0,1534.0,1493.0,1518.0,145300
2023-11-02,1511.0,1520.0,1492.0,1506.0,36000
2023-11-06,1519.0,1562.0,1508.0,1549.0,119600
2023-11-07,1532.0,1550.0,1520.0,1527.0,36500
2023-11-08,1527.0,1543.0,1475.0,1476.0,83200
2023-11-09,1480.0,1500.0,1469.0,1500.0,56200
2023-11-10,1500.0,1515.0,1475.0,1512.0,112600
2023-11-13,1600.0,1670.0,1600.0,1630.0,384000
2023-11-14,1621.0,1668.0,1621.0,1626.0,155400
2023-11-15,1613.0,1628.0,1589.0,1590.0,110600
2023-11-16,1588.0,1620.0,1579.0,1615.0,104100
2023-11-17,1605.0,1675.0,1605.0,1655.0,151000
2023-11-20,1659.0,1663.0,1628.0,1628.0,76400
2023-11-21,1632.0,1665.0,1623.0,1640.0,81400
2023-11-22,1639.0,1639.0,1600.0,1612.0,44100
2023-11-24,1641.0,1725.0,1641.0,1684.0,203300
2023-11-27,1710.0,1747.0,1702.0,1738.0,183300
2023-11-28,1740.0,1787.0,1724.0,1743.0,143600
2023-11-29,1732.0,1814.0,1728.0,1779.0,195200
2023-11-30,1771.0,1789.0,1735.0,1762.0,78900
2023-12-01,1753.0,1837.0,1752.0,1807.0,218000
2023-12-04,1828.0,1830.0,1786.0,1790.0,95500
2023-12-05,1767.0,1802.0,1751.0,1762.0,92200
2023-12-06,1762.0,1792.0,1762.0,1773.0,45800
2023-12-07,1754.0,1755.0,1704.0,1706.0,87600
2023-12-08,1701.0,1701.0,1622.0,1631.0,178900
2023-12-11,1651.0,1663.0,1599.0,1612.0,123900
2023-12-12,1631.0,1677.0,1616.0,1654.0,131000
2023-12-13,1670.0,1683.0,1598.0,1606.0,92100
2023-12-14,1614.0,1629.0,1584.0,1597.0,61600
2023-12-15,1619.0,1679.0,1619.0,1671.0,79900
2023-12-18,1631.0,1636.0,1581.0,1617.0,74800
2023-12-19,1617.0,1695.0,1617.0,1674.0,92500
2023-12-20,1687.0,1706.0,1674.0,1693.0,75800
2023-12-21,1670.0,1684.0,1651.0,1656.0,51400
2023-12-22,1690.0,1714.0,1666.0,1712.0,56400
2023-12-25,1725.0,1777.0,1725.0,1758.0,84800
2023-12-26,1792.0,1792.0,1725.0,1733.0,72100
2023-12-27,1720.0,1746.0,1715.0,1738.0,50300
2023-12-28,1748.0,1780.0,1748.0,1764.0,49700
2023-12-29,1764.0,1780.0,1743.0,1780.0,90800
2024-01-04,1780.0,1796.0,1730.0,1781.0,80400
2024-01-05,1798.0,1798.0,1756.0,1774.0,60500
2024-01-09,1772.0,1811.0,1772.0,1809.0,92000
2024-01-10,1792.0,1804.0,1768.0,1779.0,68900
2024-01-11,1790.0,1796.0,1761.0,1761.0,81400
2024-01-12,1777.0,1842.0,1770.0,1823.0,134300
2024-01-15,1825.0,1905.0,1824.0,1900.0,116200
2024-01-16,1900.0,1901.0,1855.0,1858.0,94800
2024-01-17,1858.0,1876.0,1824.0,1824.0,89800
2024-01-18,1820.0,1889.0,1820.0,1853.0,74300
2024-01-19,1878.0,1878.0,1834.0,1843.0,47600
2024-01-22,1852.0,1899.0,1852.0,1887.0,53700
2024-01-23,1899.0,1912.0,1862.0,1869.0,52800
2024-01-24,1869.0,1869.0,1845.0,1857.0,45300
2024-01-25,1855.0,1883.0,1855.0,1879.0,36900
2024-01-26,1855.0,1862.0,1822.0,1822.0,68300
2024-01-29,1839.0,1847.0,1812.0,1816.0,50700
2024-01-30,1807.0,1809.0,1776.0,1789.0,80800
2024-01-31,1776.0,1818.0,1766.0,1802.0,72800
2024-02-01,1796.0,1845.0,1795.0,1804.0,80000
2024-02-02,1815.0,1815.0,1766.0,1792.0,45700
2024-02-05,1802.0,1833.0,1799.0,1824.0,57500
2024-02-06,1806.0,1838.0,1805.0,1830.0,43700
2024-02-07,1827.0,1870.0,1824.0,1857.0,75000
2024-02-08,1877.0,1907.0,1840.0,1904.0,93500
2024-02-09,1894.0,1924.0,1857.0,1879.0,153500
2024-02-13,2189.0,2279.0,2179.0,2279.0,403700
2024-02-14,2340.0,2371.0,2172.0,2192.0,458600
2024-02-15,2272.0,2348.0,2202.0,2302.0,276400
2024-02-16,2302.0,2392.0,2302.0,2333.0,197400
2024-02-19,2322.0,2358.0,2293.0,2326.0,123400
2024-02-20,2326.0,2335.0,2231.0,2275.0,179400
2024-02-21,2221.0,2271.0,2181.0,2261.0,168100
2024-02-22,2300.0,2412.0,2290.0,2328.0,282200
2024-02-26,2350.0,2363.0,2309.0,2322.0,79500
2024-02-27,2341.0,2414.0,2341.0,2386.0,131800
2024-02-28,2400.0,2451.0,2376.0,2414.0,183100
2024-02-29,2450.0,2450.0,2365.0,2370.0,160200
2024-03-01,2441.0,2545.0,2441.0,2471.0,233400
2024-03-04,2500.0,2516.0,2395.0,2424.0,255700
2024-03-05,2425.0,2532.0,2410.0,2504.0,201700
2024-03-06,2468.0,2617.0,2437.0,2587.0,204700
2024-03-07,2624.0,2667.0,2553.0,2584.0,269300
2024-03-08,2553.0,2613.0,2535.0,2558.0,155700
2024-03-11,2497.0,2571.0,2462.0,2532.0,261600
2024-03-12,2504.0,2520.0,2460.0,2508.0,150400
2024-03-13,2525.0,2575.0,2416.0,2431.0,177900
2024-03-14,2400.0,2400.0,2335.0,2390.0,243200
2024-03-15,2340.0,2443.0,2313.0,2391.0,160000
2024-03-18,2409.0,2455.0,2392.0,2451.0,108200
2024-03-19,2464.0,2478.0,2420.0,2436.0,106500
2024-03-21,2478.0,2584.0,2465.0,2584.0,180100
2024-03-22,2601.0,2630.0,2527.0,2570.0,131000
2024-03-25,2564.0,2640.0,2557.0,2580.0,163100
2024-03-26,2543.0,2594.0,2523.0,2581.0,106700
2024-03-27,2619.0,2619.0,2539.0,2563.0,196500
2024-03-28,2563.0,2673.0,2561.0,2580.0,250300
2024-03-29,2590.0,2730.0,2550.0,2719.0,204800
2024-04-01,2743.0,2750.0,2634.0,2655.0,164800
2024-04-02,2656.0,2689.0,2600.0,2619.0,118500
2024-04-03,2569.0,2629.0,2511.0,2584.0,131500
2024-04-04,2629.0,2694.0,2629.0,2650.0,158300
2024-04-05,2586.0,2586.0,2514.0,2547.0,174600
2024-04-08,2557.0,2599.0,2520.0,2558.0,95300
2024-04-09,2569.0,2626.0,2551.0,2619.0,94600
2024-04-10,2590.0,2645.0,2583.0,2612.0,70700
2024-04-11,2576.0,2730.0,2571.0,2719.0,151600
2024-04-12,2740.0,2756.0,2666.0,2701.0,106300
2024-04-15,2690.0,2743.0,2671.0,2681.0,93100
2024-04-16,2622.0,2627.0,2540.0,2557.0,178600
2024-04-17,2567.0,2567.0,2455.0,2539.0,146000
2024-04-18,2518.0,2576.0,2475.0,2545.0,94200
2024-04-19,2508.0,2528.0,2439.0,2490.0,114000
2024-04-22,2517.0,2545.0,2477.0,2533.0,120200
2024-04-23,2502.0,2530.0,2448.0,2501.0,95600
2024-04-24,2542.0,2571.0,2517.0,2564.0,97200
2024-04-25,2518.0,2551.0,2479.0,2488.0,96300
2024-04-26,2500.0,2528.0,2445.0,2489.0,109800
2024-04-30,2536.0,2591.0,2434.0,2591.0,268100
2024-05-01,2545.0,2572.0,2459.0,2476.0,140200
2024-05-02,2476.0,2617.0,2458.0,2580.0,128800
2024-05-07,2586.0,2664.0,2586.0,2637.0,101100
2024-05-08,2637.0,2668.0,2600.0,2634.0,124300
2024-05-09,2675.0,2711.0,2640.0,2673.0,169800
2024-05-10,2696.0,2779.0,2661.0,2677.0,228300
2024-05-13,2975.0,3180.0,2945.0,3180.0,531000
2024-05-14,3180.0,3315.0,3055.0,3120.0,649500
2024-05-15,3060.0,3160.0,2990.0,3050.0,203300
2024-05-16,3065.0,3130.0,3035.0,3060.0,153400
2024-05-17,3060.0,3090.0,2981.0,3035.0,168200
2024-05-20,3050.0,3150.0,3045.0,3075.0,120000
2024-05-21,3120.0,3220.0,3090.0,3160.0,171800
2024-05-22,3150.0,3255.0,3135.0,3135.0,159200
2024-05-23,3200.0,3205.0,3060.0,3180.0,94600
2024-05-24,3110.0,3250.0,3105.0,3165.0,117700
2024-05-27,3115.0,3200.0,3115.0,3165.0,104900
2024-05-28,3165.0,3280.0,3165.0,3205.0,130800
2024-05-29,3235.0,3330.0,3145.0,3175.0,185500
2024-05-30,3105.0,3130.0,3035.0,3070.0,144800
2024-05-31,3090.0,3150.0,3060.0,3150.0,74300
2024-06-03,3175.0,3200.0,3120.0,3135.0,69600
2024-06-04,3100.0,3180.0,3080.0,3080.0,68500
2024-06-05,3045.0,3065.0,2870.0,2876.0,266700
2024-06-06,2919.0,2950.0,2826.0,2854.0,119900
2024-06-07,2866.0,2970.0,2866.0,2916.0,130900
2024-06-10,2900.0,2999.0,2885.0,2999.0,116800
2024-06-11,3000.0,3315.0,3000.0,3210.0,563000
2024-06-12,3215.0,3345.0,3215.0,3275.0,268900
2024-06-13,3300.0,3300.0,3170.0,3185.0,125400
2024-06-14,3210.0,3470.0,3210.0,3465.0,319600
2024-06-17,3420.0,3445.0,3335.0,3395.0,183900
2024-06-18,3415.0,3460.0,3355.0,3405.0,167100
2024-06-19,3390.0,3455.0,3340.0,3365.0,141000
2024-06-20,3350.0,3355.0,3210.0,3260.0,126500
2024-06-21,3265.0,3265.0,3180.0,3200.0,122900
2024-06-24,3220.0,3390.0,3215.0,3365.0,192600
2024-06-25,3355.0,3355.0,3265.0,3290.0,103900
2024-06-26,3310.0,3500.0,3300.0,3500.0,172600
2024-06-27,3500.0,3560.0,3470.0,3510.0,136100
2024-06-28,3560.0,3595.0,3510.0,3560.0,152100
2024-07-01,3560.0,3670.0,3555.0,3640.0,200900
2024-07-02,3695.0,3855.0,3685.0,3730.0,399400
2024-07-03,3750.0,3845.0,3750.0,3845.0,241100
2024-07-04,3855.0,3905.0,3750.0,3780.0,265200
2024-07-05,3730.0,3770.0,3640.0,3690.0,232100
2024-07-08,3800.0,3905.0,3770.0,3845.0,236800
2024-07-09,3890.0,3930.0,3780.0,3815.0,243700
2024-07-10,3770.0,3815.0,3645.0,3695.0,229000
2024-07-11,3850.0,3895.0,3730.0,3735.0,205800
2024-07-12,3670.0,3755.0,3660.0,3750.0,181500
2024-07-16,3890.0,4155.0,3865.0,4025.0,557100
2024-07-17,4095.0,4105.0,3955.0,3970.0,273600
2024-07-18,3900.0,3935.0,3780.0,3780.0,284000
2024-07-19,3770.0,3805.0,3725.0,3775.0,166100
2024-07-22,3775.0,3780.0,3590.0,3605.0,261300
2024-07-23,3660.0,3670.0,3565.0,3570.0,184900
2024-07-24,3570.0,3665.0,3540.0,3545.0,152900
2024-07-25,3455.0,3480.0,3325.0,3330.0,332100
2024-07-26,3350.0,3445.0,3325.0,3340.0,174000
2024-07-29,3400.0,3500.0,3360.0,3435.0,200700
2024-07-30,3410.0,3465.0,3325.0,3370.0,132600
2024-07-31,3290.0,3410.0,3260.0,3410.0,154800
2024-08-01,3340.0,3340.0,3110.0,3145.0,260900
2024-08-02,3010.0,3085.0,2949.0,2951.0,386300
2024-08-05,2749.0,2773.0,2451.0,2452.0,479000
2024-08-06,2652.0,2870.0,2616.0,2755.0,374000
2024-08-07,2696.0,3060.0,2684.0,2933.0,345100
2024-08-08,2885.0,3030.0,2870.0,2977.0,259200
2024-08-09,3095.0,3105.0,2875.0,2962.0,300400
2024-08-13,2855.0,3030.0,2855.0,2886.0,421500
2024-08-14,2836.0,2975.0,2736.0,2904.0,349200
2024-08-15,2952.0,2978.0,2843.0,2887.0,263200
2024-08-16,2950.0,3160.0,2940.0,3160.0,338700
2024-08-19,3160.0,3160.0,2971.0,2975.0,307000
2024-08-20,2980.0,2990.0,2889.0,2975.0,390800
2024-08-21,2917.0,2969.0,2893.0,2951.0,222400
2024-08-22,2916.0,2966.0,2862.0,2876.0,250000
2024-08-23,2841.0,2930.0,2830.0,2902.0,195100
2024-08-26,2899.0,2904.0,2768.0,2809.0,209200
2024-08-27,2810.0,2892.0,2769.0,2889.0,155300
2024-08-28,2865.0,2865.0,2815.0,2843.0,122300
2024-08-29,2819.0,2893.0,2810.0,2893.0,99700
2024-08-30,2915.0,3025.0,2915.0,2976.0,250100
2024-09-02,3050.0,3120.0,3015.0,3100.0,246900
2024-09-03,3125.0,3130.0,3040.0,3105.0,194500
2024-09-04,2941.0,2975.0,2852.0,2854.0,278700
2024-09-05,2822.0,2887.0,2684.0,2692.0,357200
2024-09-06,2698.0,2700.0,2612.0,2634.0,278800
2024-09-09,2519.0,2611.0,2486.0,2584.0,228100
2024-09-10,2612.0,2622.0,2531.0,2541.0,147700
2024-09-11,2591.0,2629.0,2506.0,2546.0,321500
2024-09-12,2647.0,2670.0,2588.0,2640.0,232400
2024-09-13,2656.0,2775.0,2656.0,2765.0,360800
2024-09-17,2774.0,2798.0,2680.0,2729.0,270300
2024-09-18,2755.0,2764.0,2672.0,2722.0,221100
2024-09-19,2809.0,2980.0,2783.0,2954.0,438900
2024-09-20,3005.0,3110.0,2978.0,3090.0,351500
2024-09-24,3160.0,3325.0,3125.0,3310.0,678900
2024-09-25,3265.0,3335.0,3200.0,3210.0,472200
2024-09-26,3280.0,3345.0,3190.0,3240.0,389400
2024-09-27,3300.0,3485.0,3245.0,3405.0,737900
2024-09-30,3280.0,3350.0,3205.0,3205.0,503700
2024-10-01,3270.0,3610.0,3205.0,3530.0,931400
2024-10-02,3570.0,3670.0,3385.0,3405.0,953500
2024-10-03,3545.0,3545.0,3285.0,3305.0,617300
2024-10-04,3260.0,3315.0,3215.0,3225.0,324300
2024-10-07,3295.0,3325.0,3220.0,3295.0,321800
2024-10-08,3300.0,3360.0,3205.0,3235.0,240900
2024-10-09,3270.0,3310.0,3235.0,3295.0,217500
2024-10-10,3270.0,3280.0,3135.0,3235.0,244000
2024-10-11,3255.0,3275.0,3175.0,3180.0,169000
2024-10-15,3230.0,3295.0,3160.0,3205.0,210500
2024-10-16,3150.0,3205.0,3120.0,3180.0,192400
2024-10-17,3170.0,3170.0,3050.0,3090.0,373100
2024-10-18,3115.0,3195.0,3080.0,3110.0,281700
2024-10-21,3115.0,3180.0,3095.0,3100.0,168800
2024-10-22,3085.0,3170.0,3020.0,3055.0,162600
2024-10-23,3030.0,3050.0,2962.0,2998.0,316000
2024-10-24,2951.0,3025.0,2935.0,2991.0,170000
2024-10-25,2999.0,3030.0,2911.0,2912.0,238100
2024-10-28,2907.0,3000.0,2900.0,2960.0,179000
2024-10-29,2944.0,3035.0,2922.0,3005.0,180000
2024-10-30,3020.0,3045.0,2984.0,2995.0,273600
2024-10-31,2982.0,3040.0,2958.0,3015.0,127700
2024-11-01,2958.0,2964.0,2850.0,2850.0,239000
2024-11-05,2875.0,2928.0,2858.0,2880.0,199000
2024-11-06,2948.0,3165.0,2930.0,3160.0,397500
2024-11-07,3300.0,3300.0,3135.0,3235.0,417700
2024-11-08,3180.0,3340.0,3150.0,3335.0,488600
2024-11-11,3635.0,3785.0,3515.0,3635.0,1075400
2024-11-12,3690.0,3745.0,3600.0,3620.0,418800
2024-11-13,3550.0,3640.0,3475.0,3530.0,263900
2024-11-14,3515.0,3765.0,3485.0,3715.0,440500
2024-11-15,3715.0,3740.0,3615.0,3715.0,281100
2024-11-18,3650.0,3705.0,3575.0,3600.0,179700
2024-11-19,3640.0,3680.0,3560.0,3590.0,182900
2024-11-20,3590.0,3795.0,3565.0,3745.0,330500
2024-11-21,3775.0,3800.0,3560.0,3630.0,316100
2024-11-22,3615.0,3640.0,3565.0,3625.0,208200
2024-11-25,3650.0,3730.0,3550.0,3705.0,372900
2024-11-26,3605.0,3610.0,3370.0,3400.0,617600
2024-11-27,3385.0,3390.0,3285.0,3330.0,256300
2024-11-28,3300.0,3375.0,3300.0,3375.0,178600
2024-11-29,3390.0,3415.0,3330.0,3335.0,127200
2024-12-02,3315.0,3340.0,3270.0,3315.0,152000
2024-12-03,3345.0,3370.0,3315.0,3355.0,144100
2024-12-04,3495.0,3715.0,3455.0,3650.0,942000
2024-12-05,3695.0,3720.0,3465.0,3465.0,606500
2024-12-06,3470.0,3475.0,3360.0,3425.0,310700
2024-12-09,3465.0,3480.0,3330.0,3330.0,258800
2024-12-10,3350.0,3425.0,3260.0,3285.0,345000
2024-12-11,3285.0,3380.0,3230.0,3350.0,362000
2024-12-12,3475.0,3510.0,3415.0,3415.0,360400
2024-12-13,3380.0,3405.0,3230.0,3285.0,430000
2024-12-16,3285.0,3370.0,3280.0,3305.0,229800
2024-12-17,3310.0,3360.0,3250.0,3250.0,207100
2024-12-18,3240.0,3285.0,3205.0,3220.0,184600
2024-12-19,3095.0,3230.0,3090.0,3220.0,224800
2024-12-20,3220.0,3220.0,3135.0,3135.0,221200
2024-12-23,3225.0,3365.0,3215.0,3340.0,414800
2024-12-24,3370.0,3370.0,3215.0,3230.0,256700
2024-12-25,3220.0,3235.0,3165.0,3205.0,175200
2024-12-26,3185.0,3240.0,3155.0,3230.0,192100
2024-12-27,3250.0,3265.0,3230.0,3260.0,170600
2024-12-30,3230.0,3250.0,3190.0,3240.0,163400
2025-01-06,3310.0,3320.0,3215.0,3230.0,207700
2025-01-07,3290.0,3320.0,3160.0,3160.0,284700
2025-01-08,3155.0,3175.0,3080.0,3105.0,256600
2025-01-09,3070.0,3070.0,2965.0,3030.0,350600
2025-01-10,2985.0,3040.0,2979.0,2986.0,173800
2025-01-14,2957.0,2970.0,2897.0,2933.0,281600
2025-01-15,2925.0,2938.0,2888.0,2910.0,152600
2025-01-16,2972.0,3050.0,2908.0,3000.0,249600
2025-01-17,2975.0,2978.0,2893.0,2952.0,236100
2025-01-20,3000.0,3100.0,2974.0,3060.0,246100
2025-01-21,3185.0,3205.0,3090.0,3135.0,442000
2025-01-22,3155.0,3185.0,3090.0,3150.0,247400
2025-01-23,3150.0,3365.0,3125.0,3350.0,468100
2025-01-24,3305.0,3310.0,3205.0,3245.0,378300
2025-01-27,3265.0,3295.0,3145.0,3170.0,214700
2025-01-28,3105.0,3160.0,3045.0,3135.0,248600
2025-01-29,3160.0,3170.0,3095.0,3145.0,139600
2025-01-30,3145.0,3170.0,3110.0,3155.0,152600
2025-01-31,3145.0,3195.0,3110.0,3175.0,142800
2025-02-03,3140.0,3150.0,3005.0,3005.0,261800
2025-02-04,3050.0,3080.0,3000.0,3020.0,208700
2025-02-05,3025.0,3045.0,3015.0,3035.0,146100
2025-02-06,3070.0,3175.0,3035.0,3165.0,271700
2025-02-07,3160.0,3210.0,3095.0,3160.0,222600
2025-02-10,3405.0,3625.0,3400.0,3545.0,1426700
2025-02-12,3520.0,3545.0,3440.0,3510.0,328700
2025-02-13,3545.0,3630.0,3465.0,3555.0,391100
2025-02-14,3545.0,3590.0,3365.0,3405.0,323800
2025-02-17,3400.0,3450.0,3350.0,3420.0,179000
2025-02-18,3450.0,3575.0,3450.0,3475.0,332500
2025-02-19,3480.0,3555.0,3460.0,3470.0,196600
2025-02-20,3450.0,3460.0,3350.0,3365.0,175200
2025-02-21,3335.0,3335.0,3240.0,3240.0,173800
2025-02-25,3200.0,3210.0,3050.0,3060.0,425400
2025-02-26,3025.0,3045.0,2951.0,3020.0,410000
2025-02-27,3085.0,3105.0,3040.0,3050.0,180300
2025-02-28,2995.0,3020.0,2970.0,2998.0,243100
2025-03-03,3050.0,3155.0,3020.0,3095.0,233400
2025-03-04,3050.0,3295.0,3030.0,3260.0,474500
2025-03-05,3285.0,3445.0,3235.0,3415.0,679900
2025-03-06,3445.0,3630.0,3375.0,3465.0,1038500
2025-03-07,3475.0,3665.0,3475.0,3600.0,812900
2025-03-10,3670.0,3730.0,3415.0,3430.0,757000
2025-03-11,3350.0,3395.0,3255.0,3340.0,498800
2025-03-12,3330.0,3500.0,3330.0,3410.0,348100
2025-03-13,3490.0,3520.0,3420.0,3465.0,224800
2025-03-14,3450.0,3525.0,3420.0,3480.0,272700
2025-03-17,3550.0,3760.0,3545.0,3720.0,672100
2025-03-18,3785.0,3795.0,3605.0,3630.0,476300
2025-03-19,3655.0,3750.0,3655.0,3720.0,366300
2025-03-21,3700.0,3750.0,3655.0,3750.0,255100
2025-03-24,3780.0,3810.0,3640.0,3640.0,204400
2025-03-25,3705.0,3730.0,3665.0,3680.0,211000
2025-03-26,3695.0,3695.0,3610.0,3670.0,174300
2025-03-27,3630.0,3695.0,3595.0,3695.0,206100
2025-03-28,3695.0,3835.0,3525.0,3545.0,430100
2025-03-31,3475.0,3535.0,3335.0,3345.0,438000
2025-04-01,3415.0,3415.0,3245.0,3255.0,271100
2025-04-02,3260.0,3350.0,3220.0,3300.0,281600
2025-04-03,3100.0,3230.0,3080.0,3165.0,369500
2025-04-04,3085.0,3095.0,2778.0,2904.0,605400
2025-04-07,2640.0,2675.0,2511.0,2529.0,634400
2025-04-08,2799.0,2904.0,2788.0,2848.0,440500
2025-04-09,2761.0,2776.0,2637.0,2701.0,443200
2025-04-10,3060.0,3060.0,2932.0,3010.0,460000
2025-04-11,2948.0,3080.0,2855.0,3070.0,382700
2025-04-14,3125.0,3155.0,3050.0,3075.0,239800
2025-04-15,3115.0,3175.0,3115.0,3140.0,207200
2025-04-16,3150.0,3180.0,3065.0,3100.0,267000
2025-04-17,3135.0,3380.0,3115.0,3305.0,491800
2025-04-18,3290.0,3440.0,3290.0,3430.0,343200
2025-04-21,3355.0,3385.0,3290.0,3330.0,320700
2025-04-22,3280.0,3330.0,3260.0,3310.0,200000
2025-04-23,3400.0,3405.0,3315.0,3360.0,193900
2025-04-24,3410.0,3430.0,3295.0,3310.0,209700
2025-04-25,3360.0,3425.0,3350.0,3405.0,305500
2025-04-28,3475.0,3525.0,3460.0,3490.0,344100
2025-04-30,3500.0,3530.0,3410.0,3485.0,201100
2025-05-01,3500.0,3595.0,3480.0,3565.0,245800
2025-05-02,3550.0,3580.0,3430.0,3475.0,248300
2025-05-07,3480.0,3520.0,3445.0,3510.0,187000
2025-05-08,3510.0,3525.0,3390.0,3505.0,432300
2025-05-09,3535.0,3570.0,3445.0,3475.0,343500
2025-05-12,3475.0,3610.0,3470.0,3555.0,373000
2025-05-13,3450.0,3500.0,3225.0,3345.0,1181700
2025-05-14,3325.0,3370.0,3175.0,3250.0,503100
2025-05-15,3215.0,3250.0,3155.0,3200.0,291500
2025-05-16,3205.0,3210.0,3140.0,3160.0,208000
2025-05-19,3110.0,3160.0,3100.0,3160.0,209900
2025-05-20,3170.0,3245.0,3090.0,3090.0,305100
2025-05-21,3080.0,3175.0,3065.0,3155.0,276200
2025-05-22,3110.0,3145.0,3085.0,3095.0,222300
2025-05-23,3110.0,3310.0,3105.0,3220.0,596500
2025-05-26,3220.0,3275.0,3185.0,3210.0,271000
2025-05-27,3210.0,3450.0,3200.0,3450.0,537600
2025-05-28,3450.0,3495.0,3405.0,3410.0,415000
2025-05-29,3450.0,3495.0,3385.0,3415.0,221800
2025-05-30,3385.0,3550.0,3380.0,3525.0,347200
2025-06-02,3665.0,4025.0,3660.0,4020.0,1818900
2025-06-03,4005.0,4290.0,3995.0,4155.0,1627900
2025-06-04,4200.0,4360.0,4190.0,4275.0,1033300
2025-06-05,4235.0,4275.0,4070.0,4115.0,616600
2025-06-06,4135.0,4195.0,4065.0,4085.0,452700
2025-06-09,4085.0,4105.0,3995.0,4060.0,393300
2025-06-10,4060.0,4130.0,4020.0,4075.0,293100
2025-06-11,4120.0,4165.0,3925.0,4005.0,622600
2025-06-12,4000.0,4270.0,3975.0,4260.0,694400
2025-06-13,4260.0,4410.0,4170.0,4375.0,765200
2025-06-16,4415.0,4535.0,4350.0,4470.0,693800
2025-06-17,4485.0,4500.0,4385.0,4460.0,417700
2025-06-18,4410.0,4465.0,4310.0,4335.0,404900
2025-06-19,4365.0,4485.0,4340.0,4450.0,364100
2025-06-20,4475.0,4485.0,4315.0,4380.0,377300
2025-06-23,4560.0,4650.0,4470.0,4475.0,718000
2025-06-24,4450.0,4555.0,4410.0,4430.0,334400
2025-06-25,4435.0,4480.0,4360.0,4405.0,217400
2025-06-26,4455.0,4600.0,4435.0,4450.0,466600
2025-06-27,4590.0,4600.0,4455.0,4505.0,445900
2025-06-30,4610.0,4630.0,4350.0,4355.0,429400
2025-07-01,4345.0,4425.0,4310.0,4310.0,315100
2025-07-02,4200.0,4235.0,4150.0,4175.0,386400
2025-07-03,4185.0,4290.0,4105.0,4120.0,325300
2025-07-04,4135.0,4170.0,4020.0,4030.0,222700
2025-07-07,4000.0,4065.0,3990.0,4050.0,213700
2025-07-08,4025.0,4105.0,4015.0,4055.0,197300
2025-07-09,4105.0,4120.0,3940.0,4025.0,329400
2025-07-10,4065.0,4125.0,3995.0,4050.0,321700
2025-07-11,4040.0,4060.0,3910.0,3910.0,288400
2025-07-14,3920.0,4030.0,3915.0,3985.0,255000
2025-07-15,3970.0,4040.0,3910.0,4005.0,350900
2025-07-16,3970.0,4140.0,3945.0,4115.0,328400
2025-07-17,4085.0,4145.0,4050.0,4115.0,252100
2025-07-18,4120.0,4175.0,4035.0,4060.0,304300
2025-07-22,4060.0,4160.0,4040.0,4130.0,227100
2025-07-23,4170.0,4190.0,4035.0,4130.0,399800
2025-07-24,4170.0,4240.0,4150.0,4185.0,348700
2025-07-25,4140.0,4175.0,4100.0,4110.0,198900
2025-07-28,4145.0,4160.0,4040.0,4060.0,153700
2025-07-29,4035.0,4035.0,3950.0,3965.0,227800
2025-07-30,4000.0,4085.0,3965.0,4070.0,252100
2025-07-31,4030.0,4190.0,4030.0,4135.0,270600
2025-08-01,4180.0,4230.0,4100.0,4180.0,336000
2025-08-04,4020.0,4220.0,4020.0,4220.0,246000
2025-08-05,4325.0,4530.0,4285.0,4520.0,1094100
2025-08-06,4515.0,4815.0,4505.0,4745.0,987400
2025-08-07,4745.0,4825.0,4670.0,4800.0,533300
2025-08-08,4765.0,4830.0,4725.0,4770.0,423300
2025-08-12,4695.0,4800.0,4565.0,4695.0,705500
2025-08-13,4700.0,4725.0,4580.0,4605.0,350300
2025-08-14,4590.0,4600.0,4415.0,4580.0,382100
2025-08-15,4580.0,4605.0,4505.0,4510.0,236300
2025-08-18,4800.0,5020.0,4770.0,4945.0,995300
2025-08-19,4805.0,4980.0,4780.0,4870.0,459100
2025-08-20,4800.0,4810.0,4560.0,4685.0,493000
2025-08-21,4685.0,4870.0,4615.0,4660.0,356000
2025-08-22,4660.0,4875.0,4640.0,4700.0,391400
2025-08-25,4790.0,4880.0,4740.0,4855.0,408600
2025-08-26,4810.0,4840.0,4490.0,4510.0,617500
2025-08-27,4555.0,4565.0,4360.0,4400.0,403600
2025-08-28,4360.0,4440.0,4325.0,4400.0,286600
2025-08-29,4390.0,4505.0,4375.0,4465.0,242300
2025-09-01,4395.0,4460.0,4295.0,4305.0,241100
2025-09-02,4325.0,4330.0,4205.0,4235.0,265400
2025-09-03,4180.0,4180.0,4035.0,4070.0,348300
2025-09-04,4085.0,4150.0,4000.0,4120.0,388800
2025-09-05,4170.0,4185.0,4095.0,4175.0,245900
2025-09-08,4255.0,4275.0,4180.0,4205.0,318600
2025-09-09,4240.0,4390.0,4205.0,4270.0,378200
2025-09-10,4525.0,4560.0,4385.0,4525.0,815800
2025-09-11,4590.0,4640.0,4525.0,4570.0,385000
2025-09-12,4575.0,4695.0,4525.0,4620.0,434800
2025-09-16,4625.0,4780.0,4570.0,4705.0,381600
2025-09-17,4660.0,4685.0,4485.0,4485.0,303300
2025-09-18,4490.0,4520.0,4435.0,4470.0,202900
2025-09-19,4500.0,4640.0,4500.0,4605.0,751200
2025-09-22,4700.0,4900.0,4660.0,4705.0,449300
2025-09-24,4680.0,4920.0,4600.0,4905.0,433000
2025-09-25,4905.0,4970.0,4830.0,4850.0,253700
2025-09-26,4835.0,4970.0,4760.0,4775.0,314400
2025-09-29,4740.0,4790.0,4670.0,4765.0,222900
2025-09-30,4700.0,4765.0,4675.0,4725.0,185100
2025-10-01,4670.0,4725.0,4500.0,4500.0,330700
2025-10-02,4515.0,4530.0,4390.0,4405.0,230200
2025-10-03,4420.0,4540.0,4420.0,4505.0,184800
2025-10-06,4900.0,5050.0,4870.0,5010.0,885700
2025-10-07,5100.0,5200.0,4855.0,5030.0,451200
2025-10-08,4995.0,5250.0,4990.0,5170.0,371700
2025-10-09,5210.0,5260.0,5020.0,5040.0,284600
2025-10-10,5000.0,5000.0,4745.0,4760.0,345900
2025-10-14,4690.0,4820.0,4565.0,4610.0,374600
2025-10-15,4640.0,4830.0,4630.0,4805.0,253600
2025-10-16,4870.0,4935.0,4825.0,4845.0,246800
2025-10-17,4705.0,4970.0,4680.0,4770.0,307100
2025-10-20,4885.0,5090.0,4840.0,5080.0,328400
2025-10-21,5120.0,5170.0,4925.0,4935.0,379200
2025-10-22,4940.0,5210.0,4910.0,5160.0,390800
2025-10-23,5100.0,5610.0,5090.0,5580.0,1041800
2025-10-24,5660.0,5700.0,5500.0,5620.0,587400
2025-10-27,5940.0,6590.0,5880.0,6520.0,1574000
2025-10-28,6470.0,6470.0,6010.0,6070.0,1134400
2025-10-29,6210.0,6210.0,5830.0,5890.0,748400
2025-10-30,5940.0,6170.0,5890.0,6090.0,677100
2025-10-31,5930.0,6100.0,5900.0,6090.0,417000
2025-11-04,6190.0,6250.0,6060.0,6090.0,511600
2025-11-05,5800.0,5900.0,5590.0,5860.0,433600
2025-11-06,5960.0,6090.0,5850.0,5920.0,337700
2025-11-07,5670.0,5790.0,5620.0,5710.0,309500
2025-11-10,6050.0,6280.0,5960.0,6150.0,653800
2025-11-11,6150.0,6180.0,5790.0,5840.0,365500
2025-11-12,5810.0,5890.0,5740.0,5830.0,234000
2025-11-13,5830.0,6010.0,5790.0,5970.0,273800
2025-11-14,5790.0,5930.0,5760.0,5780.0,245400
2025-11-17,5780.0,6150.0,5720.0,6070.0,327800
2025-11-18,5900.0,5940.0,5660.0,5660.0,281500
2025-11-19,5610.0,5670.0,5370.0,5580.0,285200
2025-11-20,5710.0,5870.0,5610.0,5750.0,339000
2025-11-21,5550.0,5640.0,5400.0,5400.0,328700
2025-11-25,5500.0,5520.0,5190.0,5290.0,263900
2025-11-26,5340.0,5460.0,5300.0,5350.0,210400
2025-11-27,5420.0,5480.0,5380.0,5450.0,183700
2025-11-28,5520.0,5900.0,5460.0,5880.0,408200
2025-12-01,5880.0,5950.0,5640.0,5690.0,227100
2025-12-02,5690.0,5700.0,5580.0,5590.0,177100
2025-12-03,5660.0,5690.0,5510.0,5630.0,174300
2025-12-04,5590.0,5730.0,5570.0,5710.0,177300
2025-12-05,5710.0,5950.0,5700.0,5820.0,309400
2025-12-08,6020.0,6200.0,5930.0,6180.0,440200
2025-12-09,6250.0,6370.0,6150.0,6240.0,370600
2025-12-10,6250.0,6250.0,5870.0,5870.0,282300
2025-12-11,5990.0,5990.0,5650.0,5650.0,269000
2025-12-12,5850.0,5860.0,5740.0,5790.0,208800
2025-12-15,5650.0,5720.0,5570.0,5690.0,205500
2025-12-16,5630.0,5660.0,5430.0,5440.0,203700
2025-12-17,5420.0,5420.0,5240.0,5290.0,199100
2025-12-18,5140.0,5190.0,5040.0,5100.0,220200
2025-12-19,5120.0,5320.0,5110.0,5280.0,302300
2025-12-22,5390.0,5400.0,5210.0,5330.0,197100
2025-12-23,5360.0,5440.0,5310.0,5390.0,162100
2025-12-24,5440.0,5470.0,5410.0,5410.0,145100
2025-12-25,5390.0,5410.0,5320.0,5370.0,119100
2025-12-26,5410.0,5420.0,5250.0,5270.0,161800
2025-12-29,5310.0,5470.0,5300.0,5400.0,154800
2025-12-30,5350.0,5410.0,5270.0,5350.0,133300
2026-01-05,5500.0,5840.0,5490.0,5780.0,493500
2026-01-06,5920.0,6190.0,5850.0,6030.0,699000
2026-01-07,6030.0,6440.0,5980.0,6310.0,690400
2026-01-08,6350.0,6600.0,6270.0,6440.0,552600
2026-01-09,6450.0,6470.0,6210.0,6370.0,278900
2026-01-13,6900.0,6900.0,6690.0,6800.0,531900
2026-01-14,6830.0,6990.0,6730.0,6990.0,423000
2026-01-15,6910.0,7290.0,6830.0,7210.0,484600
2026-01-16,7150.0,7350.0,7010.0,7330.0,499800
2026-01-19,7280.0,7680.0,7220.0,7310.0,455800
2026-01-20,7290.0,7360.0,6970.0,7050.0,378300
2026-01-21,6800.0,7160.0,6800.0,6980.0,312900
2026-01-22,7050.0,7070.0,6820.0,6900.0,269400
2026-01-23,6950.0,7020.0,6660.0,6660.0,292800
2026-01-26,6760.0,6820.0,6590.0,6720.0,315200
2026-01-27,6790.0,6890.0,6600.0,6850.0,225700
2026-01-28,6770.0,6840.0,6600.0,6620.0,200700
2026-01-29,6770.0,6950.0,6690.0,6780.0,458400
2026-01-30,6710.0,6740.0,6550.0,6630.0,209400
2026-02-02,6660.0,6950.0,6610.0,6720.0,336200
2026-02-03,6780.0,7190.0,6720.0,7190.0,366400
2026-02-04,7160.0,7310.0,7110.0,7310.0,361600
2026-02-05,7280.0,7430.0,7110.0,7200.0,355200
2026-02-06,7200.0,7210.0,6950.0,7190.0,469200
2026-02-09,7790.0,7930.0,7620.0,7700.0,846700
2026-02-10,7700.0,7890.0,7580.0,7800.0,409500
2026-02-12,7880.0,8120.0,7850.0,7970.0,357000
2026-02-13,7880.0,8090.0,7720.0,7790.0,237200
2026-02-16,7880.0,7990.0,7740.0,7930.0,198300
2026-02-17,7800.0,7810.0,7400.0,7610.0,320600
2026-02-18,7740.0,8240.0,7650.0,8140.0,418100
2026-02-19,8200.0,8420.0,8080.0,8350.0,265800
2026-02-20,8310.0,8840.0,8310.0,8780.0,466300
2026-02-24,8920.0,9010.0,8520.0,8720.0,463200
2026-02-25,8740.0,8740.0,8330.0,8470.0,285600
2026-02-26,8600.0,8600.0,8340.0,8360.0,227800
2026-02-27,8490.0,8770.0,8370.0,8770.0,289800
2026-03-02,9020.0,9540.0,8920.0,9210.0,624200
2026-03-03,9350.0,9540.0,8710.0,8710.0,455000
2026-03-04,8410.0,8680.0,7800.0,7960.0,520500
2026-03-05,8560.0,8940.0,8380.0,8590.0,380100
2026-03-06,8360.0,8500.0,8020.0,8370.0,311200
2026-03-09,7810.0,7950.0,7490.0,7900.0,441700
2026-03-10,8140.0,8330.0,7970.0,8170.0,279600
2026-03-11,8280.0,8730.0,8220.0,8520.0,306500
2026-03-12,8400.0,8690.0,8360.0,8540.0,298300
2026-03-13,8240.0,8650.0,8200.0,8570.0,264400
2026-03-16,8400.0,8590.0,8270.0,8460.0,220800
2026-03-17,8410.0,8570.0,8030.0,8050.0,251200
2026-03-18,8300.0,8360.0,8080.0,8350.0,202400
2026-03-19,8250.0,8390.0,8020.0,8180.0,319400
